515030 新能源车ETF 日线 后复权
      日期	    开盘	    最高	    最低	    收盘	    成交量	    成交额
2020/03/04,0.996,1.001,0.957,0.979,1352668600,1322832640.00
2020/03/05,0.985,0.991,0.964,0.977,589506900,575078464.00
2020/03/06,0.967,0.990,0.962,0.975,588368800,575898176.00
2020/03/09,0.963,0.964,0.925,0.928,922592500,869413824.00
2020/03/10,0.912,0.951,0.903,0.947,681081500,632300416.00
2020/03/11,0.953,0.956,0.929,0.930,569137000,536790496.00
2020/03/12,0.913,0.917,0.892,0.901,704283900,636691328.00
2020/03/13,0.848,0.893,0.847,0.879,629909100,547294464.00
2020/03/16,0.887,0.887,0.814,0.816,615923800,520545760.00
2020/03/17,0.827,0.837,0.782,0.805,598534300,481898272.00
2020/03/18,0.811,0.832,0.788,0.790,602845900,490266048.00
2020/03/19,0.792,0.800,0.765,0.785,554830400,433131808.00
2020/03/20,0.800,0.806,0.768,0.782,506924300,396968416.00
2020/03/23,0.756,0.756,0.717,0.719,620845000,455576064.00
2020/03/24,0.739,0.749,0.716,0.740,620708200,456893056.00
2020/03/25,0.768,0.783,0.762,0.779,728939600,565276480.00
2020/03/26,0.770,0.778,0.766,0.766,613715800,473731200.00
2020/03/27,0.777,0.782,0.763,0.764,316545700,244170272.00
2020/03/30,0.750,0.761,0.733,0.752,373459600,278547776.00
2020/03/31,0.759,0.764,0.753,0.759,289923400,220148176.00
2020/04/01,0.774,0.794,0.761,0.774,572406000,446204608.00
2020/04/02,0.769,0.798,0.768,0.796,422082190,330529728.00
2020/04/03,0.799,0.802,0.784,0.787,317604200,251595824.00
2020/04/07,0.802,0.815,0.802,0.814,403511600,325934848.00
2020/04/08,0.808,0.812,0.800,0.807,329072900,265224176.00
2020/04/09,0.813,0.815,0.798,0.800,291660800,233834080.00
2020/04/10,0.804,0.805,0.777,0.781,302933000,238956784.00
2020/04/13,0.770,0.772,0.758,0.762,249477200,190678192.00
2020/04/14,0.774,0.806,0.774,0.805,610154700,484454496.00
2020/04/15,0.813,0.826,0.807,0.808,540086299,440619168.00
2020/04/16,0.802,0.817,0.798,0.814,360998241,292539072.00
2020/04/17,0.819,0.833,0.816,0.818,439594900,362681216.00
2020/04/20,0.818,0.824,0.812,0.820,253537200,207194560.00
2020/04/21,0.811,0.814,0.793,0.804,298018800,239109088.00
2020/04/22,0.793,0.808,0.790,0.807,272575300,218015520.00
2020/04/23,0.814,0.814,0.797,0.798,231867800,186406784.00
2020/04/24,0.801,0.818,0.796,0.800,432465900,349598400.00
2020/04/27,0.800,0.809,0.793,0.801,228756133,183651088.00
2020/04/28,0.806,0.808,0.777,0.802,343047000,273191456.00
2020/04/29,0.795,0.809,0.795,0.802,258133300,207403792.00
2020/04/30,0.814,0.847,0.814,0.844,677472900,567162624.00
2020/05/06,0.842,0.862,0.836,0.859,402303200,342318176.00
2020/05/07,0.862,0.863,0.851,0.857,266440813,228282880.00
2020/05/08,0.860,0.874,0.853,0.867,397076400,342449088.00
2020/05/11,0.869,0.871,0.849,0.855,394873400,339222688.00
2020/05/12,0.855,0.859,0.845,0.858,244768000,208766656.00
2020/05/13,0.853,0.867,0.852,0.863,254441204,219148288.00
2020/05/14,0.860,0.860,0.849,0.849,274865500,234634672.00
2020/05/15,0.858,0.873,0.850,0.864,386590374,333386592.00
2020/05/18,0.860,0.861,0.842,0.850,284361958,242036112.00
2020/05/19,0.856,0.861,0.852,0.859,216328627,185323568.00
2020/05/20,0.871,0.901,0.871,0.881,609438155,543607616.00
2020/05/21,0.886,0.890,0.854,0.858,392385480,339673248.00
2020/05/22,0.855,0.855,0.823,0.830,346027046,289498464.00
2020/05/25,0.830,0.830,0.816,0.823,206796800,169762256.00
2020/05/26,0.833,0.858,0.832,0.857,441690558,374200192.00
2020/05/27,0.863,0.879,0.857,0.864,416018259,361380608.00
2020/05/28,0.860,0.864,0.842,0.856,245514800,209614048.00
2020/05/29,0.863,0.875,0.861,0.868,248147800,215333616.00
2020/06/01,0.880,0.905,0.877,0.899,515018163,460380448.00
2020/06/02,0.913,0.913,0.894,0.899,287451100,258929200.00
2020/06/03,0.901,0.907,0.890,0.897,244334400,219526112.00
2020/06/04,0.899,0.923,0.899,0.917,408293000,374350432.00
2020/06/05,0.916,0.924,0.907,0.923,249117475,227709776.00
2020/06/08,0.928,0.934,0.921,0.923,248143075,230338224.00
2020/06/09,0.934,0.939,0.929,0.932,272503000,254641904.00
2020/06/10,0.948,0.948,0.932,0.940,276574340,259522848.00
2020/06/11,0.954,0.968,0.935,0.940,542825896,517468928.00
2020/06/12,0.918,0.930,0.917,0.926,561217825,518315488.00
2020/06/15,0.920,0.940,0.911,0.924,317617058,294894784.00
2020/06/16,0.936,0.949,0.932,0.949,340208500,320365952.00
2020/06/17,0.949,0.949,0.926,0.935,266750622,249196608.00
2020/06/18,0.936,0.944,0.926,0.943,369035122,346459264.00
2020/06/19,0.944,0.980,0.943,0.975,720052300,699003328.00
2020/06/22,0.980,0.995,0.979,0.984,375505875,371247936.00
2020/06/23,0.986,0.991,0.976,0.990,281166600,276767008.00
2020/06/24,0.990,0.996,0.982,0.988,247441300,244587552.00
2020/06/29,0.981,0.990,0.974,0.979,265868900,260756336.00
2020/06/30,0.985,0.998,0.985,0.992,366103700,363741920.00
2020/07/01,1.006,1.018,0.983,0.995,521711200,524987744.00
2020/07/02,0.999,1.003,0.987,0.994,317778200,315964352.00
2020/07/03,1.001,1.014,0.998,1.012,575189200,579452416.00
2020/07/06,1.014,1.052,1.013,1.052,739743719,767027840.00
2020/07/07,1.095,1.130,1.085,1.102,1035607923,1148086144.00
2020/07/08,1.116,1.120,1.088,1.117,676300328,749472896.00
2020/07/09,1.113,1.148,1.110,1.139,587752661,662962816.00
2020/07/10,1.139,1.149,1.125,1.138,580770894,661657536.00
2020/07/13,1.153,1.205,1.152,1.204,513067025,605361600.00
2020/07/14,1.180,1.183,1.132,1.162,991985138,1150694784.00
2020/07/15,1.162,1.167,1.110,1.125,672404261,764150016.00
2020/07/16,1.127,1.150,1.065,1.066,741992676,822881152.00
2020/07/17,1.071,1.097,1.057,1.077,454887600,488830112.00
2020/07/20,1.103,1.109,1.066,1.099,446473200,485894112.00
2020/07/21,1.119,1.119,1.090,1.103,356351700,393235904.00
2020/07/22,1.097,1.117,1.090,1.106,353795500,391449440.00
2020/07/23,1.093,1.108,1.072,1.106,401975000,439816736.00
2020/07/24,1.093,1.097,1.023,1.031,714361800,753220928.00
2020/07/27,1.030,1.048,1.006,1.020,422017100,431316256.00
2020/07/28,1.040,1.059,1.037,1.048,357906300,375385632.00
2020/07/29,1.045,1.078,1.039,1.077,310168400,329934816.00
2020/07/30,1.081,1.087,1.066,1.069,243874004,261570080.00
2020/07/31,1.071,1.100,1.069,1.092,348888100,379693024.00
2020/08/03,1.100,1.119,1.096,1.118,344813800,382427776.00
2020/08/04,1.125,1.139,1.115,1.122,395578888,445672800.00
2020/08/05,1.121,1.127,1.102,1.124,304764400,340069120.00
2020/08/06,1.127,1.132,1.110,1.128,293065000,329251360.00
2020/08/07,1.121,1.135,1.091,1.109,411370734,457093696.00
2020/08/10,1.104,1.112,1.088,1.102,213792205,235047136.00
2020/08/11,1.104,1.121,1.089,1.090,376601100,417851296.00
2020/08/12,1.096,1.104,1.059,1.100,364887602,393814208.00
2020/08/13,1.110,1.119,1.093,1.099,241869622,267176384.00
2020/08/14,1.093,1.110,1.087,1.110,217385879,239352432.00
2020/08/17,1.112,1.116,1.096,1.115,340202679,376714176.00
2020/08/18,1.123,1.126,1.110,1.114,327138900,365902912.00
2020/08/19,1.112,1.113,1.088,1.090,268442479,294794080.00
2020/08/20,1.082,1.087,1.061,1.064,306992653,329677760.00
2020/08/21,1.079,1.083,1.064,1.071,170042600,182947488.00
2020/08/24,1.079,1.098,1.065,1.090,231163825,250633360.00
2020/08/25,1.093,1.100,1.082,1.087,196971400,214817760.00
2020/08/26,1.086,1.091,1.051,1.059,291273883,310566272.00
2020/08/27,1.066,1.081,1.060,1.078,223794339,240342032.00
2020/08/28,1.077,1.086,1.067,1.085,178883400,192426880.00
2020/08/31,1.090,1.091,1.072,1.074,207723178,224591344.00
2020/09/01,1.074,1.117,1.074,1.113,605068900,667018432.00
2020/09/02,1.114,1.119,1.098,1.114,292002679,324102048.00
2020/09/03,1.112,1.114,1.096,1.098,216432925,238522848.00
2020/09/04,1.077,1.090,1.071,1.087,250171830,269732864.00
2020/09/07,1.088,1.096,1.057,1.062,274173400,294310752.00
2020/09/08,1.061,1.065,1.042,1.054,219029344,230607168.00
2020/09/09,1.036,1.036,1.006,1.012,317732620,324080544.00
2020/09/10,1.024,1.030,0.998,1.004,223361300,226607008.00
2020/09/11,1.002,1.025,0.998,1.023,211032200,213755136.00
2020/09/14,1.029,1.058,1.027,1.047,294412800,308190272.00
2020/09/15,1.059,1.083,1.059,1.079,332818900,357148384.00
2020/09/16,1.080,1.089,1.071,1.083,258325711,279307520.00
2020/09/17,1.080,1.120,1.079,1.110,374893871,413030176.00
2020/09/18,1.108,1.119,1.105,1.118,291661067,324821248.00
2020/09/21,1.124,1.138,1.105,1.107,334329900,374407520.00
2020/09/22,1.098,1.107,1.086,1.091,232516278,255499760.00
2020/09/23,1.095,1.098,1.076,1.095,178317100,194091488.00
2020/09/24,1.083,1.086,1.060,1.061,266105745,284881920.00
2020/09/25,1.069,1.077,1.062,1.068,149370000,159750528.00
2020/09/28,1.074,1.080,1.063,1.066,155512155,166660160.00
2020/09/29,1.073,1.096,1.073,1.089,298324400,324410176.00
2020/09/30,1.090,1.110,1.082,1.099,206982359,227593440.00
2020/10/09,1.136,1.172,1.136,1.167,672657719,782329792.00
2020/10/12,1.185,1.209,1.185,1.208,547730500,655264192.00
2020/10/13,1.205,1.220,1.186,1.218,385590100,465084032.00
2020/10/14,1.215,1.226,1.205,1.210,289145309,350753088.00
2020/10/15,1.228,1.237,1.210,1.212,305056272,373173696.00
2020/10/16,1.210,1.214,1.169,1.182,485191413,574690432.00
2020/10/19,1.183,1.192,1.169,1.171,198703031,234426336.00
2020/10/20,1.170,1.214,1.165,1.213,349585772,418192544.00
2020/10/21,1.208,1.208,1.176,1.186,304510545,361810368.00
2020/10/22,1.177,1.206,1.165,1.198,319338222,379414272.00
2020/10/23,1.196,1.224,1.175,1.179,324302806,389155968.00
2020/10/26,1.163,1.208,1.156,1.207,439478798,523189280.00
2020/10/27,1.199,1.224,1.199,1.219,337213459,409861920.00
2020/10/28,1.213,1.259,1.213,1.250,460440203,570359168.00
2020/10/29,1.226,1.265,1.223,1.247,444819496,554508480.00
2020/10/30,1.256,1.278,1.236,1.243,423838335,531490848.00
2020/11/02,1.249,1.294,1.247,1.290,500305686,638112448.00
2020/11/03,1.303,1.306,1.265,1.286,441045216,567113920.00
2020/11/04,1.288,1.324,1.288,1.314,500748271,655446272.00
2020/11/05,1.339,1.394,1.336,1.393,575831749,785830976.00
2020/11/06,1.401,1.425,1.358,1.381,616479256,855428800.00
2020/11/09,1.388,1.416,1.366,1.405,639652639,889127040.00
2020/11/10,1.389,1.403,1.348,1.380,494048604,680317056.00
2020/11/11,1.367,1.400,1.330,1.332,397795600,543988672.00
2020/11/12,1.337,1.365,1.337,1.349,338530200,457142784.00
2020/11/13,1.370,1.395,1.353,1.379,368993689,507176288.00
2020/11/16,1.361,1.377,1.335,1.374,307937900,418515904.00
2020/11/17,1.380,1.395,1.336,1.350,355039154,484632064.00
2020/11/18,1.347,1.355,1.308,1.317,282825000,374078880.00
2020/11/19,1.318,1.325,1.294,1.313,265293492,346471104.00
2020/11/20,1.315,1.360,1.315,1.356,452943690,608834368.00
2020/11/23,1.360,1.395,1.353,1.388,377143100,520431808.00
2020/11/24,1.412,1.430,1.390,1.405,416543900,586832832.00
2020/11/25,1.406,1.413,1.373,1.376,293319600,408383520.00
2020/11/26,1.370,1.376,1.330,1.353,335927325,452245504.00
2020/11/27,1.350,1.368,1.325,1.347,222751182,299146144.00
2020/11/30,1.341,1.358,1.318,1.342,285156627,382439392.00
2020/12/01,1.331,1.363,1.330,1.361,225428584,304845888.00
2020/12/02,1.360,1.360,1.335,1.349,176111509,237071232.00
2020/12/03,1.344,1.365,1.327,1.352,227009958,305871104.00
2020/12/04,1.346,1.377,1.342,1.374,454993455,622413312.00
2020/12/07,1.374,1.397,1.369,1.388,292462922,405422624.00
2020/12/08,1.400,1.436,1.397,1.429,372764791,530844608.00
2020/12/09,1.433,1.451,1.403,1.409,345151975,493367296.00
2020/12/10,1.391,1.415,1.371,1.402,292556797,406748224.00
2020/12/11,1.405,1.412,1.375,1.396,202866822,282499360.00
2020/12/14,1.389,1.441,1.378,1.439,291767250,412266016.00
2020/12/15,1.433,1.451,1.422,1.449,289976222,417713984.00
2020/12/16,1.450,1.457,1.440,1.448,224239000,324778304.00
2020/12/17,1.442,1.476,1.440,1.476,255490650,372962272.00
2020/12/18,1.475,1.525,1.471,1.518,350382876,528606784.00
2020/12/21,1.527,1.608,1.527,1.605,419702087,658536064.00
2020/12/22,1.592,1.617,1.550,1.554,490883937,776898816.00
2020/12/23,1.558,1.619,1.556,1.592,497404834,790574144.00
2020/12/24,1.582,1.599,1.562,1.572,330594710,521630304.00
2020/12/25,1.570,1.633,1.563,1.632,425013378,682575936.00
2020/12/28,1.635,1.649,1.601,1.635,364370312,592798208.00
2020/12/29,1.622,1.631,1.550,1.552,485331168,764192256.00
2020/12/30,1.569,1.647,1.569,1.630,542586025,879822528.00
2020/12/31,1.637,1.670,1.635,1.664,337911548,559342976.00
2021/01/04,1.710,1.799,1.670,1.788,425345886,745875712.00
2021/01/05,1.779,1.800,1.744,1.793,561991366,996421376.00
2021/01/06,1.809,1.819,1.733,1.766,653988070,1148297088.00
2021/01/07,1.759,1.830,1.745,1.816,547006701,978802432.00
2021/01/08,1.843,1.849,1.746,1.802,548001894,977259136.00
2021/01/11,1.801,1.805,1.723,1.743,677994704,1191287552.00
2021/01/12,1.715,1.785,1.695,1.776,577130367,1006278912.00
2021/01/13,1.777,1.826,1.702,1.719,588287702,1033832192.00
2021/01/14,1.699,1.712,1.650,1.673,486370398,816698496.00
2021/01/15,1.672,1.723,1.640,1.714,553493406,931563712.00
2021/01/18,1.693,1.738,1.670,1.724,438933780,753096064.00
2021/01/19,1.724,1.742,1.670,1.675,368198019,628028544.00
2021/01/20,1.691,1.765,1.691,1.755,576534536,1004673152.00
2021/01/21,1.750,1.810,1.732,1.790,414535558,737775360.00
2021/01/22,1.786,1.844,1.778,1.839,423200499,767528000.00
2021/01/25,1.850,1.906,1.820,1.834,491054331,914373568.00
2021/01/26,1.826,1.842,1.762,1.780,370225763,664664448.00
2021/01/27,1.775,1.808,1.727,1.792,334931447,591745984.00
2021/01/28,1.756,1.772,1.719,1.723,319720842,556720512.00
2021/01/29,1.736,1.754,1.654,1.688,381164175,648669568.00
2021/02/01,1.691,1.723,1.668,1.692,277768541,471185760.00
2021/02/02,1.703,1.765,1.689,1.764,334398691,580839744.00
2021/02/03,1.780,1.810,1.757,1.762,303198346,540442304.00
2021/02/04,1.750,1.770,1.691,1.721,302927286,523286752.00
2021/02/05,1.731,1.754,1.667,1.673,373418029,637078720.00
2021/02/08,1.674,1.706,1.633,1.695,283752475,475646816.00
2021/02/09,1.705,1.761,1.702,1.755,259626086,451733280.00
2021/02/10,1.767,1.780,1.728,1.774,288153258,506950240.00
2021/02/18,1.819,1.822,1.715,1.733,355413178,620468864.00
2021/02/19,1.715,1.728,1.666,1.712,274567858,465144160.00
2021/02/22,1.713,1.735,1.675,1.680,291344400,497460160.00
2021/02/23,1.653,1.680,1.631,1.646,293292500,484224576.00
2021/02/24,1.640,1.662,1.569,1.582,357280800,574587456.00
2021/02/25,1.600,1.610,1.546,1.552,247446504,388646080.00
2021/02/26,1.500,1.539,1.489,1.520,273093700,413530592.00
2021/03/01,1.541,1.584,1.538,1.584,248077727,388983840.00
2021/03/02,1.610,1.612,1.567,1.587,260054706,412609120.00
2021/03/03,1.573,1.605,1.562,1.604,204576988,323961440.00
2021/03/04,1.576,1.580,1.511,1.518,290800200,445905312.00
2021/03/05,1.480,1.546,1.470,1.533,237014100,359931488.00
2021/03/08,1.535,1.549,1.450,1.453,281804212,421269440.00
2021/03/09,1.444,1.481,1.384,1.425,356683300,511722752.00
2021/03/10,1.474,1.490,1.443,1.448,363471600,531752768.00
2021/03/11,1.450,1.502,1.446,1.499,240261365,356747168.00
2021/03/12,1.508,1.519,1.478,1.512,190206300,285736128.00
2021/03/15,1.493,1.504,1.450,1.465,177624900,261963776.00
2021/03/16,1.468,1.495,1.451,1.468,174539818,256907840.00
2021/03/17,1.456,1.510,1.445,1.507,216941100,324075264.00
2021/03/18,1.516,1.530,1.501,1.509,186272800,282059392.00
2021/03/19,1.477,1.494,1.451,1.461,168268547,246892768.00
2021/03/22,1.459,1.492,1.457,1.477,162402200,239643920.00
2021/03/23,1.471,1.473,1.415,1.434,220454834,316187296.00
2021/03/24,1.419,1.432,1.384,1.391,189695967,265083232.00
2021/03/25,1.372,1.420,1.367,1.409,197798200,277305024.00
2021/03/26,1.414,1.482,1.414,1.476,318967600,464997824.00
2021/03/29,1.474,1.474,1.449,1.458,173072700,253120704.00
2021/03/30,1.445,1.478,1.442,1.472,138707600,203291040.00
2021/03/31,1.476,1.486,1.440,1.455,137487700,200555520.00
2021/04/01,1.465,1.489,1.465,1.481,202117590,298841792.00
2021/04/02,1.487,1.513,1.475,1.501,259378610,388632960.00
2021/04/06,1.521,1.528,1.501,1.509,203019558,307145600.00
2021/04/07,1.516,1.520,1.482,1.501,161733899,241374512.00
2021/04/08,1.496,1.504,1.480,1.494,122354317,182684800.00
2021/04/09,1.499,1.500,1.458,1.467,151397625,222983584.00
2021/04/12,1.460,1.477,1.414,1.423,186473790,268086928.00
2021/04/13,1.417,1.450,1.412,1.430,113343485,162236032.00
2021/04/14,1.445,1.496,1.441,1.496,218344617,322071872.00
2021/04/15,1.484,1.498,1.465,1.495,144339602,213890384.00
2021/04/16,1.499,1.505,1.473,1.497,153527844,228924112.00
2021/04/19,1.502,1.600,1.497,1.599,374755751,585534656.00
2021/04/20,1.586,1.602,1.572,1.581,256124788,407071520.00
2021/04/21,1.565,1.584,1.550,1.578,259026606,406658400.00
2021/04/22,1.590,1.598,1.567,1.579,208619369,329923136.00
2021/04/23,1.570,1.609,1.570,1.603,219205700,349881120.00
2021/04/26,1.603,1.632,1.581,1.586,235289935,377787872.00
2021/04/27,1.577,1.592,1.546,1.571,227023417,355244864.00
2021/04/28,1.564,1.615,1.560,1.611,256037051,409004608.00
2021/04/29,1.610,1.616,1.585,1.607,175334575,281003936.00
2021/04/30,1.597,1.648,1.594,1.637,386427900,630320192.00
2021/05/06,1.636,1.644,1.595,1.625,213804556,346469120.00
2021/05/07,1.622,1.634,1.574,1.576,204842299,327777056.00
2021/05/10,1.576,1.596,1.563,1.588,147054533,232750928.00
2021/05/11,1.566,1.573,1.527,1.560,182656800,283494496.00
2021/05/12,1.554,1.575,1.547,1.568,164899771,257545536.00
2021/05/13,1.538,1.550,1.527,1.532,159358485,244795440.00
2021/05/14,1.532,1.587,1.526,1.581,224832861,351563872.00
2021/05/17,1.581,1.656,1.577,1.650,293411300,480006528.00
2021/05/18,1.651,1.670,1.644,1.656,173744477,287824544.00
2021/05/19,1.656,1.723,1.643,1.711,285034115,484422528.00
2021/05/20,1.696,1.734,1.696,1.720,196206009,338144576.00
2021/05/21,1.722,1.745,1.700,1.711,150233519,257994544.00
2021/05/24,1.703,1.723,1.699,1.714,164594180,281490944.00
2021/05/25,1.714,1.736,1.705,1.735,179060452,308784960.00
2021/05/26,1.735,1.742,1.715,1.723,144324050,249150800.00
2021/05/27,1.727,1.732,1.711,1.730,154308299,265864720.00
2021/05/28,1.741,1.833,1.741,1.807,390087389,705691072.00
2021/05/31,1.816,1.894,1.816,1.892,278190955,519494976.00
2021/06/01,1.879,1.886,1.831,1.875,224846297,418590848.00
2021/06/02,1.877,1.898,1.841,1.861,183932000,343846432.00
2021/06/03,1.860,1.888,1.826,1.853,175857981,326835296.00
2021/06/04,1.832,1.930,1.832,1.907,281192100,533748352.00
2021/06/07,1.897,1.900,1.850,1.871,217102444,406104864.00
2021/06/08,1.864,1.922,1.830,1.853,240606300,450732608.00
2021/06/09,1.853,1.869,1.838,1.851,235741192,436010208.00
2021/06/10,1.847,1.922,1.846,1.912,258992041,491070112.00
2021/06/11,1.922,1.948,1.891,1.934,212811118,409265856.00
2021/06/15,1.940,1.959,1.890,1.917,169684582,326066176.00
2021/06/16,1.905,1.905,1.784,1.792,392539448,715863296.00
2021/06/17,1.790,1.850,1.785,1.849,197828100,362174304.00
2021/06/18,1.858,1.949,1.858,1.932,280358269,536097472.00
2021/06/21,1.935,1.969,1.901,1.942,174289000,338350560.00
2021/06/22,1.943,1.955,1.909,1.945,149190800,288320320.00
2021/06/23,1.955,2.016,1.952,2.000,211768328,421806560.00
2021/06/24,2.002,2.012,1.961,1.976,154584767,306371296.00
2021/06/25,1.985,2.011,1.959,2.004,173090918,344509056.00
2021/06/28,2.002,2.074,2.000,2.059,194346054,398763584.00
2021/06/29,2.081,2.103,2.041,2.062,186969217,386652544.00
2021/06/30,2.070,2.127,2.044,2.118,194111217,406991296.00
2021/07/01,2.126,2.130,2.070,2.091,181055417,380110592.00
2021/07/02,2.067,2.117,2.043,2.084,232824266,484843904.00
2021/07/05,2.081,2.147,2.081,2.138,188520688,399221664.00
2021/07/06,2.148,2.210,2.082,2.140,283799147,609295808.00
2021/07/07,2.110,2.269,2.088,2.269,330586302,726970816.00
2021/07/08,2.273,2.333,2.272,2.299,235293831,542267584.00
2021/07/09,2.274,2.359,2.238,2.339,271270174,620906496.00
2021/07/12,2.375,2.491,2.375,2.462,323507700,787456576.00
2021/07/13,2.450,2.480,2.407,2.456,272673356,665378368.00
2021/07/14,2.420,2.424,2.344,2.349,312996100,744375552.00
2021/07/15,2.320,2.403,2.302,2.397,311951542,736821312.00
2021/07/16,2.370,2.390,2.275,2.284,325710531,759745280.00
2021/07/19,2.254,2.316,2.224,2.250,272468669,617157248.00
2021/07/20,2.227,2.303,2.225,2.300,250614984,571006016.00
2021/07/21,2.320,2.433,2.320,2.424,322208463,769447936.00
2021/07/22,2.440,2.444,2.379,2.441,341379149,824186304.00
2021/07/23,2.434,2.490,2.390,2.418,287156926,699270656.00
2021/07/26,2.395,2.430,2.297,2.372,384079748,911226560.00
2021/07/27,2.363,2.429,2.230,2.232,351084413,821261824.00
2021/07/28,2.180,2.299,2.163,2.253,408031925,915219776.00
2021/07/29,2.326,2.390,2.283,2.378,291405194,683043136.00
2021/07/30,2.378,2.429,2.332,2.365,303818876,722697344.00
2021/08/02,2.420,2.494,2.354,2.442,396504201,963604160.00
2021/08/03,2.450,2.460,2.334,2.359,317674168,755164288.00
2021/08/04,2.350,2.571,2.350,2.568,535467784,1328657664.00
2021/08/05,2.550,2.555,2.490,2.530,321351384,809521216.00
2021/08/06,2.588,2.642,2.537,2.568,424043330,1098592512.00
2021/08/09,2.525,2.525,2.426,2.491,383408541,944238336.00
2021/08/10,2.467,2.515,2.378,2.442,404646036,989190528.00
2021/08/11,2.443,2.498,2.403,2.483,332746468,819554752.00
2021/08/12,2.465,2.508,2.433,2.486,261287273,645650752.00
2021/08/13,2.461,2.572,2.446,2.466,297828071,745704000.00
2021/08/16,2.430,2.436,2.328,2.340,366852178,865840064.00
2021/08/17,2.324,2.367,2.286,2.300,266044299,621045760.00
2021/08/18,2.306,2.368,2.295,2.316,280738422,653839488.00
2021/08/19,2.311,2.425,2.296,2.396,311997742,737249152.00
2021/08/20,2.372,2.419,2.342,2.377,230191538,546571200.00
2021/08/23,2.385,2.451,2.357,2.443,244142702,588640320.00
2021/08/24,2.452,2.538,2.440,2.502,246575558,616232000.00
2021/08/25,2.510,2.516,2.443,2.498,223781850,554497280.00
2021/08/26,2.501,2.534,2.450,2.452,213205220,527747968.00
2021/08/27,2.439,2.507,2.429,2.492,230959547,572155456.00
2021/08/30,2.475,2.573,2.475,2.518,290760486,733845184.00
2021/08/31,2.515,2.515,2.442,2.483,228307178,564521344.00
2021/09/01,2.490,2.498,2.342,2.390,241662883,582329920.00
2021/09/02,2.386,2.424,2.375,2.404,160723746,385629088.00
2021/09/03,2.399,2.410,2.282,2.315,233168558,543581760.00
2021/09/06,2.318,2.418,2.301,2.417,224878629,532550400.00
2021/09/07,2.417,2.507,2.402,2.493,237400046,588013760.00
2021/09/08,2.489,2.504,2.445,2.454,168770539,418075008.00
2021/09/09,2.484,2.515,2.430,2.481,170441025,421942944.00
2021/09/10,2.478,2.495,2.441,2.486,193512700,479209632.00
2021/09/13,2.502,2.524,2.447,2.469,138471042,343981536.00
2021/09/14,2.463,2.597,2.427,2.547,305925307,777484736.00
2021/09/15,2.540,2.576,2.516,2.553,177606923,452115904.00
2021/09/16,2.540,2.547,2.450,2.453,238395449,594410496.00
2021/09/17,2.446,2.499,2.410,2.481,178693309,439646272.00
2021/09/22,2.450,2.469,2.428,2.451,112969300,276652224.00
2021/09/23,2.475,2.483,2.433,2.441,138089049,339137536.00
2021/09/24,2.443,2.511,2.399,2.449,183373771,449679264.00
2021/09/27,2.459,2.487,2.357,2.407,245922108,593688064.00
2021/09/28,2.398,2.419,2.337,2.344,202974400,481409440.00
2021/09/29,2.318,2.351,2.273,2.283,181374758,419332288.00
2021/09/30,2.298,2.405,2.296,2.399,215956590,512261824.00
2021/10/08,2.440,2.450,2.330,2.349,200464354,475310816.00
2021/10/11,2.358,2.389,2.295,2.350,143052417,336420480.00
2021/10/12,2.333,2.354,2.258,2.287,160968137,370563104.00
2021/10/13,2.288,2.373,2.288,2.371,171989070,402454624.00
2021/10/14,2.366,2.396,2.355,2.377,127867822,304553568.00
2021/10/15,2.388,2.463,2.345,2.454,191549072,465205280.00
2021/10/18,2.462,2.516,2.442,2.515,171934177,426232096.00
2021/10/19,2.518,2.557,2.506,2.521,134183110,338739968.00
2021/10/20,2.500,2.599,2.491,2.566,175784305,452332544.00
2021/10/21,2.565,2.573,2.516,2.540,181213030,461020384.00
2021/10/22,2.557,2.579,2.517,2.541,138100725,351867840.00
2021/10/25,2.540,2.633,2.538,2.631,193959362,504460928.00
2021/10/26,2.687,2.715,2.616,2.624,211067200,562007040.00
2021/10/27,2.624,2.698,2.613,2.680,145949554,388740864.00
2021/10/28,2.675,2.716,2.600,2.622,175260611,465053664.00
2021/10/29,2.618,2.659,2.564,2.653,210499880,551772928.00
2021/11/01,2.640,2.668,2.584,2.610,227307224,596394688.00
2021/11/02,2.620,2.673,2.591,2.622,150242844,395822208.00
2021/11/03,2.600,2.610,2.534,2.571,191615147,491828704.00
2021/11/04,2.594,2.647,2.590,2.611,173540900,454524288.00
2021/11/05,2.611,2.645,2.566,2.572,148999163,387597056.00
2021/11/08,2.565,2.680,2.565,2.676,205667229,543996480.00
2021/11/09,2.679,2.700,2.658,2.687,107658562,288799168.00
2021/11/10,2.660,2.664,2.574,2.623,231504500,605014272.00
2021/11/11,2.623,2.654,2.610,2.626,108626169,285537216.00
2021/11/12,2.626,2.643,2.610,2.634,105078200,276146880.00
2021/11/15,2.629,2.629,2.525,2.539,239374744,610916288.00
2021/11/16,2.532,2.545,2.496,2.503,142627251,358395264.00
2021/11/17,2.523,2.557,2.521,2.534,139515400,353867296.00
2021/11/18,2.530,2.558,2.495,2.532,115410771,291371712.00
2021/11/19,2.531,2.555,2.516,2.538,116290158,294643648.00
2021/11/22,2.558,2.662,2.558,2.660,306087063,803562176.00
2021/11/23,2.660,2.661,2.623,2.651,124608389,329278016.00
2021/11/24,2.640,2.676,2.604,2.612,143907799,378087040.00
2021/11/25,2.613,2.617,2.580,2.604,87866601,228197472.00
2021/11/26,2.596,2.659,2.593,2.642,137429378,363093728.00
2021/11/29,2.600,2.703,2.591,2.688,173674905,465199904.00
2021/11/30,2.690,2.700,2.651,2.673,113703662,303923968.00
2021/12/01,2.670,2.694,2.622,2.656,121337500,321187424.00
2021/12/02,2.644,2.680,2.640,2.662,96805755,257502464.00
2021/12/03,2.658,2.675,2.633,2.660,111284665,295134144.00
2021/12/06,2.640,2.660,2.586,2.596,166639970,436087136.00
2021/12/07,2.601,2.611,2.490,2.520,282407288,712762368.00
2021/12/08,2.525,2.575,2.523,2.574,169566024,434248256.00
2021/12/09,2.572,2.581,2.550,2.576,111182059,285462368.00
2021/12/10,2.554,2.610,2.544,2.602,135484472,350951936.00
2021/12/13,2.597,2.600,2.567,2.592,87650700,226475936.00
2021/12/14,2.575,2.584,2.546,2.558,112499600,287509984.00
2021/12/15,2.550,2.572,2.523,2.525,162261457,412065824.00
2021/12/16,2.536,2.540,2.501,2.518,132492900,333184608.00
2021/12/17,2.514,2.514,2.459,2.460,195374905,484716672.00
2021/12/20,2.458,2.463,2.358,2.371,278583650,666958144.00
2021/12/21,2.371,2.397,2.342,2.377,174160838,411847040.00
2021/12/22,2.396,2.411,2.383,2.394,145567102,348780352.00
2021/12/23,2.416,2.420,2.370,2.381,109970100,262732256.00
2021/12/24,2.393,2.394,2.261,2.280,309798497,711352896.00
2021/12/27,2.280,2.317,2.274,2.291,148750914,341519392.00
2021/12/28,2.295,2.364,2.293,2.360,181950802,423387872.00
2021/12/29,2.358,2.370,2.333,2.341,153663712,361243008.00
2021/12/30,2.340,2.360,2.331,2.343,93475800,219459808.00
2021/12/31,2.353,2.377,2.341,2.361,154607100,364629216.00
2022/01/04,2.410,2.412,2.298,2.303,213373500,496136288.00
2022/01/05,2.291,2.293,2.204,2.207,223419201,498295232.00
2022/01/06,2.190,2.220,2.157,2.211,156932796,343875456.00
2022/01/07,2.209,2.222,2.141,2.156,260759104,565225536.00
2022/01/10,2.150,2.185,2.130,2.163,138674267,299739712.00
2022/01/11,2.164,2.192,2.130,2.137,165384196,356866656.00
2022/01/12,2.191,2.249,2.187,2.242,280464000,621816768.00
2022/01/13,2.245,2.250,2.187,2.208,163682100,362288480.00
2022/01/14,2.190,2.251,2.185,2.236,132153440,294497856.00
2022/01/17,2.224,2.288,2.224,2.284,205332809,465910976.00
2022/01/18,2.272,2.290,2.253,2.268,126002700,285853824.00
2022/01/19,2.263,2.272,2.157,2.187,252918666,554690304.00
2022/01/20,2.173,2.200,2.164,2.172,108345088,236301360.00
2022/01/21,2.170,2.196,2.137,2.173,126184295,274067296.00
2022/01/24,2.152,2.226,2.149,2.215,190266174,418546528.00
2022/01/25,2.198,2.237,2.170,2.170,164624948,362799264.00
2022/01/26,2.184,2.199,2.151,2.186,110094968,240280864.00
2022/01/27,2.182,2.195,2.117,2.125,145194471,312719840.00
2022/01/28,2.128,2.152,2.068,2.102,122878582,259843552.00
2022/02/07,2.160,2.194,2.115,2.123,155482173,334256992.00
2022/02/08,2.115,2.117,1.993,2.045,267589382,544280064.00
2022/02/09,2.036,2.071,2.001,2.067,148630619,303195520.00
2022/02/10,2.069,2.078,1.988,2.013,195843300,393941280.00
2022/02/11,2.001,2.045,1.970,1.986,184061007,370873312.00
2022/02/14,1.979,2.030,1.958,2.004,173725093,348287200.00
2022/02/15,2.012,2.091,2.011,2.090,235981222,485823680.00
2022/02/16,2.102,2.124,2.082,2.090,172590752,362731520.00
2022/02/17,2.085,2.177,2.080,2.154,199107672,426630816.00
2022/02/18,2.135,2.144,2.117,2.133,122242554,259930912.00
2022/02/21,2.134,2.146,2.101,2.117,99740300,211180448.00
2022/02/22,2.110,2.117,2.080,2.115,123909943,260195360.00
2022/02/23,2.111,2.199,2.110,2.193,309302416,673137088.00
2022/02/24,2.164,2.206,2.121,2.162,273428402,594513472.00
2022/02/25,2.192,2.231,2.183,2.204,193011104,425635840.00
2022/02/28,2.197,2.233,2.191,2.223,124598604,275864832.00
2022/03/01,2.255,2.255,2.188,2.203,135216600,299218208.00
2022/03/02,2.187,2.188,2.141,2.162,193063600,416628000.00
2022/03/03,2.162,2.173,2.105,2.114,189648800,404383872.00
2022/03/04,2.090,2.111,2.033,2.049,266831700,553759168.00
2022/03/07,2.037,2.037,1.951,1.960,216682127,430055424.00
2022/03/08,1.959,1.980,1.864,1.889,368429400,703577088.00
2022/03/09,1.894,1.900,1.793,1.882,244608859,455573408.00
2022/03/10,1.962,1.988,1.940,1.970,302292744,592826368.00
2022/03/11,1.927,1.965,1.893,1.961,253085061,487900704.00
2022/03/14,1.921,1.931,1.890,1.892,163018100,311440512.00
2022/03/15,1.857,1.949,1.857,1.877,222876788,423565440.00
2022/03/16,1.922,1.998,1.870,1.990,392000351,762135360.00
2022/03/17,2.028,2.075,2.020,2.030,377168300,773482432.00
2022/03/18,2.011,2.020,1.980,2.016,184439900,368795680.00
2022/03/21,2.033,2.077,2.000,2.047,184156600,377542880.00
2022/03/22,2.028,2.066,2.022,2.035,126980500,258602832.00
2022/03/23,2.053,2.058,2.012,2.024,127463400,259461744.00
2022/03/24,2.001,2.029,1.971,2.008,185392600,370372512.00
2022/03/25,2.003,2.017,1.950,1.958,254149550,502995424.00
2022/03/28,1.942,1.943,1.889,1.902,193261600,368031456.00
2022/03/29,1.916,1.943,1.900,1.914,146437661,281467904.00
2022/03/30,1.927,2.006,1.925,2.005,230046245,455753888.00
2022/03/31,1.990,1.993,1.935,1.950,210744893,411657440.00
2022/04/01,1.929,1.989,1.924,1.966,234286287,460796704.00
2022/04/06,1.968,1.970,1.910,1.928,145867100,280867648.00
2022/04/07,1.905,1.929,1.883,1.899,160963500,306605824.00
2022/04/08,1.895,1.918,1.863,1.883,144919700,273232544.00
2022/04/11,1.849,1.852,1.755,1.757,425133450,754092224.00
2022/04/12,1.749,1.784,1.742,1.782,165097665,291641312.00
2022/04/13,1.766,1.803,1.749,1.763,181950992,323281056.00
2022/04/14,1.791,1.796,1.748,1.759,165860900,293245088.00
2022/04/15,1.747,1.748,1.686,1.726,335267135,575338944.00
2022/04/18,1.711,1.754,1.677,1.753,180930092,312030944.00
2022/04/19,1.753,1.789,1.739,1.747,168060400,295908160.00
2022/04/20,1.747,1.757,1.683,1.688,180629411,308028640.00
2022/04/21,1.672,1.700,1.620,1.632,240102431,397072960.00
2022/04/22,1.623,1.637,1.599,1.606,146486483,236924864.00
2022/04/25,1.561,1.575,1.497,1.499,238270937,366642208.00
2022/04/26,1.500,1.514,1.463,1.470,221168470,329503968.00
2022/04/27,1.450,1.614,1.442,1.610,379640983,586465984.00
2022/04/28,1.596,1.643,1.581,1.607,320076344,517278336.00
2022/04/29,1.619,1.695,1.595,1.687,389752754,645467648.00
2022/05/05,1.660,1.702,1.636,1.674,220024723,367784256.00
2022/05/06,1.628,1.674,1.622,1.649,319142625,526263840.00
2022/05/09,1.630,1.652,1.616,1.629,164887331,268709536.00
2022/05/10,1.600,1.687,1.593,1.679,180512659,299101088.00
2022/05/11,1.677,1.819,1.677,1.774,371415202,658165696.00
2022/05/12,1.750,1.781,1.739,1.763,163408742,287295552.00
2022/05/13,1.770,1.799,1.755,1.787,166243242,295664160.00
2022/05/16,1.795,1.833,1.775,1.780,164464909,295323488.00
2022/05/17,1.772,1.865,1.770,1.854,223086491,407979904.00
2022/05/18,1.860,1.881,1.840,1.861,161513600,300680864.00
2022/05/19,1.830,1.890,1.820,1.889,214066200,398004128.00
2022/05/20,1.901,1.926,1.870,1.905,180012523,341808032.00
2022/05/23,1.905,1.927,1.883,1.918,190149638,361604480.00
2022/05/24,1.910,1.910,1.835,1.839,335297606,628387520.00
2022/05/25,1.834,1.854,1.804,1.841,236530683,433240576.00
2022/05/26,1.842,1.866,1.802,1.840,170701093,314098848.00
2022/05/27,1.855,1.899,1.832,1.845,162599715,303585344.00
2022/05/30,1.860,1.885,1.847,1.884,190826455,356876672.00
2022/05/31,1.887,1.905,1.852,1.897,179955343,338309888.00
2022/06/01,1.896,1.945,1.875,1.934,186096065,356739712.00
2022/06/02,1.923,1.991,1.908,1.978,369685445,730524800.00
2022/06/06,1.981,2.106,1.981,2.091,418483130,866370176.00
2022/06/07,2.091,2.104,2.050,2.074,305225009,631845184.00
2022/06/08,2.084,2.120,2.042,2.106,335264287,700292224.00
2022/06/09,2.094,2.105,2.043,2.056,252928892,523656480.00
2022/06/10,2.054,2.146,2.043,2.144,351837861,743707520.00
2022/06/13,2.129,2.214,2.120,2.194,356346890,775742656.00
2022/06/14,2.158,2.194,2.106,2.182,348512789,750473088.00
2022/06/15,2.188,2.223,2.147,2.167,297181931,647924160.00
2022/06/16,2.161,2.202,2.150,2.176,169380830,369784672.00
2022/06/17,2.153,2.278,2.145,2.271,360703335,810010752.00
2022/06/20,2.293,2.343,2.280,2.303,290632623,671739520.00
2022/06/21,2.302,2.305,2.237,2.273,216975341,492561856.00
2022/06/22,2.284,2.320,2.268,2.274,180259083,413430880.00
2022/06/23,2.281,2.362,2.260,2.361,302210142,698478272.00
2022/06/24,2.372,2.398,2.336,2.391,277764680,657951104.00
2022/06/27,2.401,2.446,2.388,2.411,213089014,514913408.00
2022/06/28,2.407,2.445,2.382,2.441,227753177,549831040.00
2022/06/29,2.423,2.425,2.320,2.322,292475604,691674432.00
2022/06/30,2.320,2.378,2.318,2.357,214817178,506153472.00
2022/07/01,2.341,2.396,2.327,2.369,227706337,538326528.00
2022/07/04,2.353,2.429,2.340,2.425,203245146,488324480.00
2022/07/05,2.446,2.476,2.387,2.434,185457516,450599616.00
2022/07/06,2.423,2.453,2.384,2.418,279884914,678057856.00
2022/07/07,2.418,2.486,2.402,2.481,309115506,758866816.00
2022/07/08,2.481,2.501,2.412,2.420,232537600,569304704.00
2022/07/11,2.400,2.400,2.285,2.315,291750100,676493824.00
2022/07/12,2.307,2.331,2.234,2.254,353594550,804783040.00
2022/07/13,2.254,2.319,2.205,2.298,294760934,666348352.00
2022/07/14,2.277,2.383,2.267,2.368,313205499,734888640.00
2022/07/15,2.368,2.418,2.342,2.345,260316401,620766784.00
2022/07/18,2.346,2.378,2.289,2.354,240411218,561898752.00
2022/07/19,2.350,2.371,2.311,2.322,175672100,410924064.00
2022/07/20,2.331,2.358,2.313,2.324,131759140,307032352.00
2022/07/21,2.312,2.332,2.271,2.278,163820200,376788640.00
2022/07/22,2.297,2.313,2.250,2.278,149631700,341443520.00
2022/07/25,2.260,2.289,2.241,2.251,136946435,309701824.00
2022/07/26,2.248,2.305,2.243,2.276,167226122,380943360.00
2022/07/27,2.270,2.300,2.244,2.293,151250385,344951872.00
2022/07/28,2.307,2.318,2.252,2.256,202555354,459684096.00
2022/07/29,2.266,2.275,2.226,2.235,180095205,404438208.00
2022/08/01,2.228,2.319,2.213,2.318,195815046,445775840.00
2022/08/02,2.280,2.306,2.243,2.267,250945229,569953280.00
2022/08/03,2.269,2.307,2.181,2.193,223445715,499572544.00
2022/08/04,2.204,2.232,2.170,2.208,166303671,365855296.00
2022/08/05,2.210,2.234,2.177,2.222,169466760,374524288.00
2022/08/08,2.208,2.231,2.193,2.230,126750037,281124992.00
2022/08/09,2.228,2.271,2.219,2.253,147212932,331468384.00
2022/08/10,2.245,2.266,2.200,2.209,151412386,336626080.00
2022/08/11,2.215,2.247,2.173,2.245,181549002,401481824.00
2022/08/12,2.236,2.253,2.204,2.208,129346901,287749632.00
2022/08/15,2.200,2.288,2.195,2.260,174756198,394947040.00
2022/08/16,2.263,2.289,2.254,2.269,173816912,395827104.00
2022/08/17,2.270,2.278,2.220,2.275,187152088,421423200.00
2022/08/18,2.272,2.297,2.257,2.264,164296620,373724064.00
2022/08/19,2.255,2.263,2.187,2.190,206344634,456555776.00
2022/08/22,2.191,2.275,2.165,2.274,233925255,522547264.00
2022/08/23,2.264,2.296,2.256,2.281,143584300,326972992.00
2022/08/24,2.297,2.305,2.176,2.187,258431306,573533184.00
2022/08/25,2.187,2.194,2.110,2.139,230565461,492916608.00
2022/08/26,2.139,2.174,2.122,2.136,147360382,317020576.00
2022/08/29,2.117,2.125,2.089,2.110,126734830,267323616.00
2022/08/30,2.117,2.123,2.085,2.099,125578619,263644496.00
2022/08/31,2.073,2.090,2.005,2.020,202737003,412418752.00
2022/09/01,2.021,2.040,1.986,1.991,167588878,336940640.00
2022/09/02,1.995,2.007,1.963,1.976,162352201,321785632.00
2022/09/05,1.960,1.980,1.950,1.971,190202852,373109472.00
2022/09/06,1.976,2.005,1.939,2.003,232235200,458902496.00
2022/09/07,1.991,2.054,1.980,2.037,185577065,376361760.00
2022/09/08,2.037,2.037,1.986,1.992,144407084,290110720.00
2022/09/09,1.992,2.017,1.981,2.014,122868590,246026704.00
2022/09/13,2.027,2.035,2.002,2.029,106616494,215748192.00
2022/09/14,1.999,2.007,1.967,1.984,140545100,279366112.00
2022/09/15,1.984,1.993,1.890,1.906,264528682,508980704.00
2022/09/16,1.895,1.900,1.852,1.864,164549279,308712736.00
2022/09/19,1.858,1.907,1.850,1.879,180210439,339584704.00
2022/09/20,1.891,1.952,1.891,1.925,271890309,523584352.00
2022/09/21,1.910,1.928,1.896,1.917,143921609,275436768.00
2022/09/22,1.902,1.930,1.882,1.910,195935134,374225024.00
2022/09/23,1.910,1.920,1.856,1.885,146254800,275731520.00
2022/09/26,1.865,1.937,1.864,1.908,122611091,234132880.00
2022/09/27,1.911,1.917,1.873,1.908,128910528,244149744.00
2022/09/28,1.897,1.901,1.820,1.823,216575535,398899200.00
2022/09/29,1.840,1.866,1.825,1.842,139070792,256485776.00
2022/09/30,1.828,1.840,1.781,1.782,146337878,263974464.00
2022/10/10,1.778,1.786,1.733,1.737,106513802,186901984.00
2022/10/11,1.743,1.797,1.743,1.787,113947207,202966688.00
2022/10/12,1.787,1.853,1.754,1.851,130244020,234326880.00
2022/10/13,1.844,1.863,1.829,1.831,173542805,320172736.00
2022/10/14,1.853,1.879,1.821,1.866,146093760,270515520.00
2022/10/17,1.846,1.862,1.825,1.855,102928538,189616048.00
2022/10/18,1.885,1.894,1.857,1.867,129344993,242269264.00
2022/10/19,1.860,1.908,1.857,1.866,129209004,243402704.00
2022/10/20,1.849,1.849,1.787,1.816,196759453,356783488.00
2022/10/21,1.801,1.829,1.793,1.801,101584880,183870160.00
2022/10/24,1.803,1.838,1.763,1.783,165692985,298401120.00
2022/10/25,1.766,1.817,1.741,1.799,152179003,271112192.00
2022/10/26,1.803,1.829,1.784,1.808,145586355,262961824.00
2022/10/27,1.815,1.838,1.778,1.779,116340300,210734336.00
2022/10/28,1.768,1.769,1.683,1.692,207885647,357096960.00
2022/10/31,1.672,1.735,1.670,1.707,150145624,256886768.00
2022/11/01,1.715,1.797,1.703,1.795,259450902,455141120.00
2022/11/02,1.784,1.837,1.770,1.830,161993399,293486592.00
2022/11/03,1.809,1.847,1.805,1.825,125395760,228969904.00
2022/11/04,1.827,1.930,1.827,1.922,235684647,447278144.00
2022/11/07,1.922,1.948,1.902,1.934,187043890,361340960.00
2022/11/08,1.933,1.963,1.904,1.931,142477094,274945088.00
2022/11/09,1.937,1.945,1.894,1.894,144481900,275759232.00
2022/11/10,1.880,1.887,1.829,1.850,174080499,321686976.00
2022/11/11,1.905,1.916,1.868,1.885,188709899,356220032.00
2022/11/14,1.885,1.904,1.818,1.831,177872540,329685248.00
2022/11/15,1.825,1.876,1.808,1.875,213317100,393186144.00
2022/11/16,1.871,1.871,1.824,1.831,156366100,288206208.00
2022/11/17,1.818,1.818,1.767,1.786,208183600,370919200.00
2022/11/18,1.786,1.807,1.764,1.774,178448000,319330176.00
2022/11/21,1.758,1.800,1.754,1.797,122498017,218384288.00
2022/11/22,1.787,1.788,1.750,1.757,134914357,237961664.00
2022/11/23,1.749,1.770,1.728,1.763,134985845,236613728.00
2022/11/24,1.772,1.791,1.754,1.769,150144800,266139344.00
2022/11/25,1.761,1.762,1.727,1.729,140376100,243784304.00
2022/11/28,1.694,1.718,1.678,1.716,105946400,180016096.00
2022/11/29,1.710,1.740,1.703,1.729,154925600,267082880.00
2022/11/30,1.730,1.771,1.724,1.759,223412327,390471552.00
2022/12/01,1.800,1.813,1.786,1.788,239364386,430831040.00
2022/12/02,1.774,1.799,1.772,1.777,99311926,177168576.00
2022/12/05,1.789,1.794,1.764,1.782,127930823,226992560.00
2022/12/06,1.768,1.815,1.754,1.798,182092765,325856416.00
2022/12/07,1.792,1.860,1.787,1.837,205078404,376685984.00
2022/12/08,1.831,1.850,1.815,1.832,109311700,200568432.00
2022/12/09,1.831,1.840,1.814,1.828,105375145,192327680.00
2022/12/12,1.823,1.823,1.794,1.800,86968804,157225696.00
2022/12/13,1.800,1.814,1.770,1.773,100831326,180031680.00
2022/12/14,1.773,1.785,1.755,1.761,80692100,142388048.00
2022/12/15,1.759,1.815,1.753,1.813,169749906,303319456.00
2022/12/16,1.799,1.805,1.760,1.769,123368176,219353200.00
2022/12/19,1.775,1.824,1.772,1.777,168418864,302293984.00
2022/12/20,1.766,1.770,1.732,1.740,106267513,185788592.00
2022/12/21,1.740,1.751,1.721,1.729,83975966,145406880.00
2022/12/22,1.736,1.738,1.690,1.700,118955411,203720480.00
2022/12/23,1.685,1.693,1.662,1.675,112418611,188630272.00
2022/12/26,1.673,1.729,1.672,1.727,108784338,186017712.00
2022/12/27,1.727,1.734,1.705,1.730,139564600,240229712.00
2022/12/28,1.717,1.717,1.673,1.694,150828211,254731888.00
2022/12/29,1.684,1.712,1.680,1.694,109307769,185671952.00
2022/12/30,1.708,1.716,1.676,1.678,119077839,201798944.00
2023/01/03,1.675,1.694,1.646,1.690,153705265,256471504.00
2023/01/04,1.680,1.682,1.647,1.654,174552937,289780608.00
2023/01/05,1.665,1.721,1.660,1.712,223553323,378536192.00
2023/01/06,1.707,1.763,1.705,1.736,494785351,859902080.00
2023/01/09,1.748,1.773,1.743,1.746,183208747,321697472.00
2023/01/10,1.742,1.782,1.726,1.770,217949168,382824576.00
2023/01/11,1.766,1.774,1.745,1.749,128084460,225215856.00
2023/01/12,1.753,1.804,1.753,1.776,191794254,342055296.00
2023/01/13,1.789,1.807,1.762,1.782,140277786,249789040.00
2023/01/16,1.783,1.803,1.766,1.786,242016460,432178816.00
2023/01/17,1.785,1.808,1.784,1.792,167841923,301412288.00
2023/01/18,1.799,1.814,1.790,1.795,150550138,270864992.00
2023/01/19,1.795,1.804,1.782,1.802,117967090,211538560.00
2023/01/20,1.805,1.833,1.798,1.832,158914580,288893632.00
2023/01/30,1.900,1.922,1.880,1.884,270786461,515465184.00
2023/01/31,1.884,1.894,1.865,1.875,150559706,282934240.00
2023/02/01,1.881,1.919,1.881,1.917,253615781,484108288.00
2023/02/02,1.923,1.930,1.897,1.898,193955000,369601888.00
2023/02/03,1.894,1.896,1.845,1.871,220384852,411326336.00
2023/02/06,1.860,1.865,1.829,1.841,158818537,292537312.00
2023/02/07,1.841,1.852,1.831,1.846,176241494,324626176.00
2023/02/08,1.848,1.865,1.836,1.847,169765353,314098912.00
2023/02/09,1.841,1.865,1.831,1.863,140984597,261297184.00
2023/02/10,1.853,1.857,1.824,1.829,136684100,251093376.00
2023/02/13,1.825,1.846,1.821,1.841,109260356,200708576.00
2023/02/14,1.844,1.850,1.822,1.831,120569850,220515728.00
2023/02/15,1.837,1.846,1.815,1.816,101418200,185135760.00
2023/02/16,1.818,1.829,1.772,1.783,187855919,339054240.00
2023/02/17,1.782,1.791,1.743,1.747,223335879,394257888.00
2023/02/20,1.743,1.752,1.712,1.751,175404997,303472704.00
2023/02/21,1.745,1.763,1.736,1.753,154843563,271225376.00
2023/02/22,1.743,1.746,1.732,1.734,111256260,193270624.00
2023/02/23,1.736,1.749,1.734,1.745,124294700,216452768.00
2023/02/24,1.747,1.747,1.715,1.723,171410200,295750560.00
2023/02/27,1.718,1.722,1.702,1.710,111913697,191516896.00
2023/02/28,1.711,1.721,1.701,1.719,109230297,186846096.00
2023/03/01,1.717,1.732,1.706,1.730,147482700,253862464.00
2023/03/02,1.737,1.737,1.698,1.703,176146882,301495424.00
2023/03/03,1.702,1.713,1.692,1.700,162935800,277117440.00
2023/03/06,1.703,1.705,1.667,1.703,319253665,538901120.00
2023/03/07,1.697,1.699,1.673,1.677,235833462,397620672.00
2023/03/08,1.667,1.678,1.656,1.667,138035461,229646624.00
2023/03/09,1.667,1.681,1.658,1.668,140193035,234348288.00
2023/03/10,1.661,1.665,1.637,1.644,175643094,289263520.00
2023/03/13,1.633,1.643,1.612,1.620,179607300,291457056.00
2023/03/14,1.618,1.623,1.575,1.608,260595900,416660736.00
2023/03/15,1.611,1.633,1.603,1.605,206079800,333073952.00
2023/03/16,1.589,1.600,1.570,1.572,152907881,242132880.00
2023/03/17,1.582,1.588,1.564,1.569,155918700,245653152.00
2023/03/20,1.566,1.586,1.548,1.577,205735827,322763360.00
2023/03/21,1.577,1.611,1.568,1.610,241491327,384260160.00
2023/03/22,1.622,1.642,1.612,1.622,222120800,361314944.00
2023/03/23,1.610,1.623,1.605,1.615,205919800,331770944.00
2023/03/24,1.617,1.627,1.599,1.618,231508882,374001824.00
2023/03/27,1.615,1.625,1.601,1.622,149871573,241866912.00
2023/03/28,1.620,1.624,1.603,1.605,108926354,175416736.00
2023/03/29,1.608,1.632,1.607,1.616,171854054,278772800.00
2023/03/30,1.618,1.629,1.605,1.629,157419241,254642944.00
2023/03/31,1.633,1.654,1.629,1.634,202981800,332805920.00
2023/04/03,1.633,1.650,1.618,1.640,210922500,344663456.00
2023/04/04,1.639,1.639,1.589,1.597,299842297,480608544.00
2023/04/06,1.588,1.598,1.572,1.595,193259200,306137024.00
2023/04/07,1.592,1.608,1.590,1.598,159168034,254529984.00
2023/04/10,1.600,1.634,1.598,1.633,393076645,636402880.00
2023/04/11,1.632,1.644,1.620,1.634,223019670,363834880.00
2023/04/12,1.634,1.634,1.605,1.612,166824921,269347936.00
2023/04/13,1.603,1.608,1.589,1.592,187130200,298456832.00
2023/04/14,1.597,1.646,1.595,1.634,389631521,635069504.00
2023/04/17,1.632,1.657,1.630,1.645,224484375,369678432.00
2023/04/18,1.647,1.671,1.642,1.645,226825300,375600992.00
2023/04/19,1.645,1.647,1.626,1.638,156106700,255265952.00
2023/04/20,1.639,1.639,1.584,1.587,332429800,531119232.00
2023/04/21,1.585,1.609,1.564,1.567,213205047,338414496.00
2023/04/24,1.564,1.575,1.541,1.545,303537217,471629792.00
2023/04/25,1.544,1.544,1.463,1.477,657151500,975153472.00
2023/04/26,1.473,1.557,1.463,1.536,362781948,549793152.00
2023/04/27,1.533,1.562,1.532,1.552,225679200,349168960.00
2023/04/28,1.556,1.567,1.536,1.549,185782300,287261376.00
2023/05/04,1.544,1.562,1.527,1.532,207337839,319710560.00
2023/05/05,1.530,1.533,1.498,1.510,270675601,409095040.00
2023/05/08,1.519,1.537,1.510,1.522,145631000,221689728.00
2023/05/09,1.517,1.524,1.497,1.498,163422000,245876080.00
2023/05/10,1.500,1.555,1.489,1.542,567873180,867777152.00
2023/05/11,1.543,1.582,1.534,1.566,292071900,455923072.00
2023/05/12,1.565,1.585,1.540,1.546,216207100,336288096.00
2023/05/15,1.547,1.607,1.547,1.606,416120979,662020736.00
2023/05/16,1.608,1.611,1.592,1.602,236544500,378348576.00
2023/05/17,1.601,1.611,1.582,1.592,177421000,282161856.00
2023/05/18,1.598,1.599,1.560,1.575,179329400,282760224.00
2023/05/19,1.571,1.580,1.560,1.569,169587507,266262192.00
2023/05/22,1.565,1.584,1.555,1.581,163524922,256986880.00
2023/05/23,1.583,1.589,1.558,1.559,209960065,330246176.00
2023/05/24,1.551,1.571,1.546,1.550,188629200,293756352.00
2023/05/25,1.548,1.558,1.533,1.543,182920400,282762784.00
2023/05/26,1.542,1.542,1.501,1.517,200164270,303184192.00
2023/05/29,1.521,1.525,1.491,1.500,152838840,229252352.00
2023/05/30,1.491,1.519,1.490,1.509,238873740,359658080.00
2023/05/31,1.510,1.512,1.486,1.495,160518397,239756352.00
2023/06/01,1.495,1.521,1.485,1.499,181569953,273725440.00
2023/06/02,1.506,1.544,1.505,1.541,258150600,395050496.00
2023/06/05,1.540,1.541,1.507,1.524,180745100,274798144.00
2023/06/06,1.518,1.524,1.500,1.506,215514600,325489248.00
2023/06/07,1.504,1.509,1.469,1.474,304223203,449781792.00
2023/06/08,1.473,1.492,1.468,1.470,229393400,339390688.00
2023/06/09,1.473,1.495,1.472,1.479,192756400,285321856.00
2023/06/12,1.477,1.502,1.470,1.493,190267499,282445440.00
2023/06/13,1.494,1.499,1.483,1.494,127865200,190699216.00
2023/06/14,1.496,1.502,1.479,1.480,182784000,271955520.00
2023/06/15,1.483,1.554,1.479,1.548,385406101,586407104.00
2023/06/16,1.554,1.563,1.542,1.557,272332900,423380640.00
2023/06/19,1.555,1.561,1.537,1.542,173433900,268105584.00
2023/06/20,1.545,1.555,1.528,1.539,250359600,385735552.00
2023/06/21,1.536,1.553,1.514,1.516,241897800,370908672.00
2023/06/26,1.499,1.533,1.496,1.515,188252200,285122528.00
2023/06/27,1.514,1.521,1.491,1.512,147296850,221681552.00
2023/06/28,1.510,1.518,1.495,1.510,138454100,208792912.00
2023/06/29,1.508,1.521,1.502,1.506,113823000,171874720.00
2023/06/30,1.506,1.547,1.499,1.539,299989700,459267712.00
2023/07/03,1.547,1.567,1.540,1.545,244107600,378623776.00
2023/07/04,1.547,1.560,1.534,1.556,201610500,312972288.00
2023/07/05,1.558,1.574,1.548,1.555,257832600,402062368.00
2023/07/06,1.550,1.550,1.529,1.535,207266700,318682880.00
2023/07/07,1.529,1.530,1.514,1.517,146916200,223596160.00
2023/07/10,1.520,1.553,1.518,1.534,155855800,240048400.00
2023/07/11,1.537,1.554,1.524,1.551,162820988,250839680.00
2023/07/12,1.553,1.560,1.541,1.543,142237088,220760400.00
2023/07/13,1.550,1.567,1.548,1.554,158466100,246461312.00
2023/07/14,1.554,1.554,1.535,1.538,126796408,195510560.00
2023/07/17,1.535,1.535,1.511,1.516,153615308,232853968.00
2023/07/18,1.516,1.522,1.502,1.513,117375250,177177216.00
2023/07/19,1.511,1.513,1.492,1.501,122559600,183825568.00
2023/07/20,1.503,1.521,1.498,1.500,150951239,227962320.00
2023/07/21,1.495,1.501,1.479,1.487,148052500,220327440.00
2023/07/24,1.480,1.481,1.460,1.462,194246439,284977216.00
2023/07/25,1.477,1.502,1.476,1.502,181187539,270527616.00
2023/07/26,1.501,1.506,1.493,1.497,121059150,181341536.00
2023/07/27,1.509,1.515,1.493,1.496,142756604,214745152.00
2023/07/28,1.490,1.513,1.481,1.510,209976777,315130816.00
2023/07/31,1.521,1.550,1.518,1.540,225145173,346430368.00
2023/08/01,1.536,1.542,1.523,1.528,134367200,205987536.00
2023/08/02,1.528,1.539,1.524,1.530,120067588,183887952.00
2023/08/03,1.522,1.538,1.516,1.537,102835255,157426480.00
2023/08/04,1.548,1.559,1.533,1.549,183899957,284387776.00
2023/08/07,1.546,1.552,1.536,1.542,169894418,261991296.00
2023/08/08,1.539,1.543,1.530,1.537,173621500,266781232.00
2023/08/09,1.530,1.537,1.524,1.531,181600688,277978112.00
2023/08/10,1.531,1.544,1.522,1.535,148020900,226794528.00
2023/08/11,1.535,1.536,1.498,1.498,133131471,201604112.00
2023/08/14,1.489,1.489,1.455,1.472,187025771,274344992.00
2023/08/15,1.468,1.476,1.445,1.455,261320300,379915072.00
2023/08/16,1.449,1.467,1.443,1.444,163537594,237489120.00
2023/08/17,1.441,1.456,1.430,1.451,164993694,238313088.00
2023/08/18,1.451,1.456,1.425,1.426,124087265,178880640.00
2023/08/21,1.425,1.427,1.400,1.402,172249397,243399936.00
2023/08/22,1.406,1.415,1.366,1.393,207465888,287873152.00
2023/08/23,1.385,1.389,1.354,1.356,121455488,166404384.00
2023/08/24,1.360,1.376,1.349,1.363,155536857,212227488.00
2023/08/25,1.358,1.358,1.341,1.347,113974700,153887696.00
2023/08/28,1.417,1.420,1.347,1.352,201212000,276816736.00
2023/08/29,1.343,1.399,1.343,1.388,191812700,265109088.00
2023/08/30,1.389,1.407,1.385,1.388,111396588,155503296.00
2023/08/31,1.385,1.388,1.370,1.377,92351600,127133976.00
2023/09/01,1.379,1.387,1.375,1.380,66434512,91680728.00
2023/09/04,1.386,1.397,1.367,1.396,174811200,242527440.00
2023/09/05,1.392,1.399,1.386,1.390,133125830,185136736.00
2023/09/06,1.384,1.391,1.378,1.387,91053400,125966120.00
2023/09/07,1.385,1.385,1.355,1.356,195259329,266133840.00
2023/09/08,1.350,1.355,1.334,1.342,192345500,258047936.00
2023/09/11,1.343,1.360,1.331,1.350,133198402,178996624.00
2023/09/12,1.353,1.375,1.347,1.359,112696300,153348384.00
2023/09/13,1.354,1.360,1.337,1.342,112629400,151693024.00
2023/09/14,1.333,1.337,1.317,1.321,125361300,166015760.00
2023/09/15,1.323,1.325,1.306,1.310,118605000,155658464.00
2023/09/18,1.305,1.349,1.303,1.330,146996400,195451344.00
2023/09/19,1.325,1.327,1.312,1.317,93241800,122848304.00
2023/09/20,1.312,1.315,1.297,1.298,188549700,245315248.00
2023/09/21,1.292,1.302,1.280,1.286,101435330,130920400.00
2023/09/22,1.282,1.310,1.282,1.310,117025500,151703680.00
2023/09/25,1.309,1.315,1.297,1.302,90029700,117437792.00
2023/09/26,1.301,1.301,1.284,1.285,75151600,96944280.00
2023/09/27,1.282,1.311,1.280,1.293,106451000,137926912.00
2023/09/28,1.295,1.305,1.283,1.288,99916300,129170560.00
2023/10/09,1.288,1.288,1.268,1.281,99063000,126502560.00
2023/10/10,1.279,1.302,1.279,1.280,92578200,119314192.00
2023/10/11,1.287,1.292,1.274,1.277,100080835,128351776.00
2023/10/12,1.284,1.318,1.280,1.316,248841735,323986336.00
2023/10/13,1.303,1.306,1.286,1.292,123235500,159388944.00
2023/10/16,1.293,1.293,1.256,1.261,128615300,163231680.00
2023/10/17,1.261,1.283,1.259,1.269,108664994,138322896.00
2023/10/18,1.271,1.271,1.255,1.260,115738300,146080704.00
2023/10/19,1.252,1.252,1.230,1.231,119124400,147884736.00
2023/10/20,1.224,1.260,1.222,1.244,172476700,214304352.00
2023/10/23,1.243,1.243,1.205,1.213,127026962,154841968.00
2023/10/24,1.216,1.231,1.211,1.224,157704462,192646608.00
2023/10/25,1.231,1.241,1.221,1.222,108747362,133869160.00
2023/10/26,1.215,1.228,1.194,1.227,122242400,147486992.00
2023/10/27,1.220,1.273,1.214,1.270,257735600,323842304.00
2023/10/30,1.262,1.287,1.258,1.284,211585510,270571584.00
2023/10/31,1.275,1.275,1.254,1.264,104620068,132047016.00
2023/11/01,1.268,1.268,1.246,1.255,123641800,155140800.00
2023/11/02,1.258,1.263,1.236,1.237,106472300,132765272.00
2023/11/03,1.242,1.260,1.240,1.254,121269400,151842160.00
2023/11/06,1.261,1.303,1.260,1.302,226864100,292091264.00
2023/11/07,1.301,1.301,1.284,1.291,126627099,163275856.00
2023/11/08,1.288,1.298,1.280,1.288,104820400,135188464.00
2023/11/09,1.286,1.298,1.284,1.291,91074400,117634472.00
2023/11/10,1.284,1.285,1.274,1.278,83131488,106349640.00
2023/11/13,1.282,1.288,1.271,1.277,130535000,166740192.00
2023/11/14,1.278,1.283,1.264,1.271,122692900,156191872.00
2023/11/15,1.282,1.298,1.282,1.290,157412000,203367408.00
2023/11/16,1.288,1.288,1.264,1.265,160149544,203769392.00
2023/11/17,1.261,1.273,1.258,1.270,108890746,137921856.00
2023/11/20,1.270,1.277,1.255,1.273,102117500,129219976.00
2023/11/21,1.277,1.284,1.260,1.263,100610200,128217152.00
2023/11/22,1.255,1.258,1.231,1.232,135078900,167982720.00
2023/11/23,1.230,1.242,1.225,1.242,91540700,112964024.00
2023/11/24,1.239,1.240,1.217,1.219,133526400,163432384.00
2023/11/27,1.218,1.219,1.196,1.203,116587800,140268576.00
2023/11/28,1.202,1.214,1.194,1.213,120089470,144674832.00
2023/11/29,1.212,1.212,1.194,1.197,82126506,98571424.00
2023/11/30,1.196,1.202,1.185,1.190,103508231,123491552.00
2023/12/01,1.190,1.191,1.168,1.182,119711400,141017152.00
2023/12/04,1.182,1.184,1.171,1.175,81315464,95790576.00
2023/12/05,1.170,1.188,1.161,1.162,129875900,152559648.00
2023/12/06,1.159,1.210,1.158,1.193,221483000,264703776.00
2023/12/07,1.189,1.193,1.173,1.183,116054932,137051824.00
2023/12/08,1.192,1.194,1.175,1.180,96590100,114146512.00
2023/12/11,1.173,1.184,1.152,1.183,119526000,139135056.00
2023/12/12,1.174,1.182,1.170,1.174,85547600,100538672.00
2023/12/13,1.172,1.172,1.147,1.147,112436929,129882768.00
2023/12/14,1.155,1.166,1.137,1.139,116575735,134141712.00
2023/12/15,1.143,1.158,1.137,1.141,116697406,134074824.00
2023/12/18,1.131,1.140,1.110,1.113,112751400,126789320.00
2023/12/19,1.113,1.123,1.107,1.117,225651504,251222560.00
2023/12/20,1.119,1.120,1.099,1.099,81146000,89945752.00
2023/12/21,1.093,1.128,1.092,1.119,163597100,181800656.00
2023/12/22,1.117,1.154,1.104,1.136,245911722,277654016.00
2023/12/25,1.135,1.150,1.133,1.144,82225448,93928472.00
2023/12/26,1.144,1.146,1.131,1.136,63645700,72307216.00
2023/12/27,1.135,1.139,1.123,1.129,160371291,181003968.00
2023/12/28,1.126,1.193,1.124,1.188,233133428,272664640.00
2023/12/29,1.186,1.198,1.182,1.191,125123061,148899552.00
2024/01/02,1.190,1.192,1.162,1.163,126495928,148479984.00
2024/01/03,1.162,1.168,1.148,1.159,110020151,127229960.00
2024/01/04,1.159,1.160,1.132,1.137,130058100,148179360.00
2024/01/05,1.131,1.164,1.125,1.132,131203800,150366096.00
2024/01/08,1.129,1.141,1.110,1.111,87779755,98593272.00
2024/01/09,1.110,1.136,1.101,1.121,109847500,122587592.00
2024/01/10,1.116,1.143,1.103,1.120,109511355,123031648.00
2024/01/11,1.118,1.171,1.113,1.158,176021000,201452032.00
2024/01/12,1.150,1.167,1.149,1.151,151893000,175502080.00
2024/01/15,1.146,1.146,1.124,1.130,95503710,108279560.00
2024/01/16,1.124,1.149,1.123,1.140,195658590,222364848.00
2024/01/17,1.136,1.136,1.097,1.098,120842097,134703808.00
2024/01/18,1.090,1.118,1.083,1.115,165633274,181830752.00
2024/01/19,1.108,1.138,1.106,1.110,160824226,180050672.00
2024/01/22,1.103,1.103,1.060,1.067,161575741,175243808.00
2024/01/23,1.065,1.086,1.052,1.074,188560775,202301936.00
2024/01/24,1.075,1.084,1.037,1.072,167754900,177736048.00
2024/01/25,1.070,1.086,1.050,1.085,173998900,186164208.00
2024/01/26,1.076,1.083,1.061,1.063,107221400,114826024.00
2024/01/29,1.063,1.065,1.023,1.025,160137159,166136816.00
2024/01/30,1.016,1.028,0.992,0.993,152184959,153888816.00
2024/01/31,0.993,1.011,0.976,0.978,205408059,203712784.00
2024/02/01,0.972,0.995,0.965,0.976,152459809,149084736.00
2024/02/02,0.975,0.982,0.917,0.945,176745900,168929920.00
2024/02/05,0.935,0.953,0.891,0.930,227022009,209846880.00
2024/02/06,0.920,0.988,0.914,0.986,208267812,199996912.00
2024/02/07,0.988,1.028,0.987,1.022,161002293,163513808.00
2024/02/08,1.032,1.067,1.029,1.046,138662903,145839696.00
2024/02/19,1.050,1.146,1.027,1.037,183617757,191919424.00
2024/02/20,1.037,1.037,1.013,1.029,113637797,116240592.00
2024/02/21,1.021,1.064,1.018,1.044,144780800,151374480.00
2024/02/22,1.043,1.049,1.035,1.047,93811795,97664624.00
2024/02/23,1.047,1.056,1.036,1.053,103665095,108622056.00
2024/02/26,1.054,1.068,1.048,1.057,130014038,137595792.00
2024/02/27,1.057,1.080,1.051,1.079,103298200,109913232.00
2024/02/28,1.086,1.111,1.057,1.057,177227200,193109392.00
2024/02/29,1.047,1.100,1.047,1.099,154040800,166509312.00
2024/03/01,1.103,1.113,1.090,1.106,183469829,202237312.00
2024/03/04,1.101,1.116,1.092,1.100,101529000,111884816.00
2024/03/05,1.088,1.092,1.078,1.088,116759359,126682016.00
2024/03/06,1.077,1.105,1.074,1.090,101642300,110602768.00
2024/03/07,1.092,1.099,1.070,1.071,138049000,149483392.00
2024/03/08,1.071,1.082,1.060,1.072,117294400,125394304.00
2024/03/11,1.080,1.148,1.080,1.147,489895015,546350336.00
2024/03/12,1.154,1.159,1.139,1.155,197124253,226833296.00
2024/03/13,1.153,1.162,1.144,1.150,129124792,148631392.00
2024/03/14,1.150,1.167,1.131,1.140,129755757,148999968.00
2024/03/15,1.136,1.147,1.119,1.146,111811500,126618336.00
2024/03/18,1.160,1.178,1.155,1.177,289748619,338353504.00
2024/03/19,1.170,1.177,1.160,1.162,96874543,113141296.00
2024/03/20,1.159,1.171,1.156,1.163,82859438,96323416.00
2024/03/21,1.163,1.166,1.147,1.149,96458000,111377936.00
2024/03/22,1.147,1.148,1.118,1.119,118995600,133958824.00
2024/03/25,1.116,1.123,1.095,1.097,97359300,107927384.00
2024/03/26,1.096,1.132,1.096,1.124,148279432,164931664.00
2024/03/27,1.123,1.123,1.084,1.085,130423407,143842176.00
2024/03/28,1.082,1.108,1.082,1.094,178498205,195263120.00
2024/03/29,1.100,1.115,1.091,1.103,121488800,133633768.00
2024/04/01,1.109,1.147,1.106,1.146,193449159,220282960.00
2024/04/02,1.146,1.164,1.138,1.162,158749300,182804864.00
2024/04/03,1.160,1.172,1.151,1.157,170218000,197733056.00
2024/04/08,1.151,1.168,1.131,1.132,128102700,147428736.00
2024/04/09,1.130,1.171,1.128,1.170,174653198,202244048.00
2024/04/10,1.173,1.174,1.144,1.149,127995600,147614480.00
2024/04/11,1.142,1.153,1.127,1.147,119351900,136161776.00
2024/04/12,1.143,1.146,1.114,1.115,109402800,123222992.00
2024/04/15,1.113,1.142,1.113,1.129,135954700,153449728.00
2024/04/16,1.121,1.125,1.088,1.092,138999022,153555680.00
2024/04/17,1.092,1.119,1.092,1.117,138279700,153573632.00
2024/04/18,1.112,1.135,1.096,1.122,117494590,131684120.00
2024/04/19,1.115,1.116,1.089,1.096,102519800,112556600.00
2024/04/22,1.094,1.107,1.082,1.084,78133100,85236384.00
2024/04/23,1.082,1.088,1.065,1.070,74474100,79993520.00
2024/04/24,1.070,1.070,1.048,1.061,75623537,79894736.00
2024/04/25,1.052,1.075,1.047,1.066,97525000,103550456.00
2024/04/26,1.059,1.091,1.056,1.090,116713240,125947784.00
2024/04/29,1.095,1.145,1.094,1.134,178853483,201498912.00
2024/04/30,1.138,1.139,1.116,1.116,110497400,124068784.00
2024/05/06,1.140,1.158,1.140,1.151,148670900,170951920.00
2024/05/07,1.149,1.157,1.143,1.156,207699921,239280400.00
2024/05/08,1.149,1.152,1.130,1.131,88649500,101047976.00
2024/05/09,1.137,1.170,1.137,1.164,181196221,210357952.00
2024/05/10,1.163,1.163,1.140,1.147,133350700,152800576.00
2024/05/13,1.130,1.132,1.117,1.120,143011800,160599872.00
2024/05/14,1.120,1.131,1.115,1.117,97350400,109058384.00
2024/05/15,1.114,1.125,1.101,1.102,89026900,98742400.00
2024/05/16,1.108,1.110,1.096,1.098,229369000,252282192.00
2024/05/17,1.099,1.120,1.093,1.120,134932600,149303808.00
2024/05/20,1.122,1.131,1.117,1.123,92558655,104116328.00
2024/05/21,1.118,1.121,1.102,1.107,94484755,104708064.00
2024/05/22,1.106,1.123,1.105,1.120,117082017,130566064.00
2024/05/23,1.116,1.116,1.093,1.095,93121500,102372416.00
2024/05/24,1.091,1.096,1.075,1.076,74856200,81160648.00
2024/05/27,1.080,1.085,1.065,1.083,77320600,82888832.00
2024/05/28,1.081,1.083,1.067,1.069,70561100,75748136.00
2024/05/29,1.074,1.094,1.071,1.092,122280100,133125728.00
2024/05/30,1.095,1.099,1.086,1.092,88987900,97195992.00
2024/05/31,1.092,1.106,1.091,1.092,78631800,86321632.00
数据来源:通达信
