512200 房地产ETF 日线 不复权
      日期	    开盘	    最高	    最低	    收盘	    成交量	    成交额
2017/09/25,0.982,0.982,0.950,0.950,76124600,73084576.00
2017/09/26,0.953,0.962,0.950,0.956,20895900,19954482.00
2017/09/27,0.956,0.966,0.956,0.963,8733500,8383671.00
2017/09/28,0.955,0.962,0.945,0.946,6940100,6628677.00
2017/09/29,0.946,0.956,0.946,0.949,8949200,8517971.00
2017/10/09,0.962,0.999,0.959,0.960,6424400,6209225.00
2017/10/10,0.959,0.961,0.953,0.961,3839600,3672421.00
2017/10/11,0.961,0.964,0.957,0.958,5830700,5596136.00
2017/10/12,0.956,0.959,0.950,0.954,3134700,2993642.00
2017/10/13,0.957,0.958,0.953,0.954,2570600,2454426.00
2017/10/16,0.955,0.955,0.941,0.941,4705600,4467398.00
2017/10/17,0.942,0.947,0.939,0.942,5663900,5333858.00
2017/10/18,0.942,0.946,0.941,0.943,1795900,1693020.00
2017/10/19,0.941,0.941,0.931,0.933,3076100,2874741.00
2017/10/20,0.934,0.944,0.933,0.944,13962700,13129505.00
2017/10/23,0.943,0.947,0.943,0.945,2839600,2684146.00
2017/10/24,0.946,0.960,0.943,0.956,3609100,3435755.00
2017/10/25,0.956,0.968,0.956,0.961,5109800,4919077.00
2017/10/26,0.958,0.962,0.955,0.960,3212400,3080489.00
2017/10/27,0.960,0.967,0.953,0.954,5818300,5587766.00
2017/10/30,0.954,0.958,0.943,0.954,4073500,3864885.00
2017/10/31,0.950,0.958,0.948,0.957,5978400,5689487.00
2017/11/01,0.955,0.971,0.955,0.957,4422400,4261440.00
2017/11/02,0.954,0.955,0.949,0.952,2363400,2249592.00
2017/11/03,0.951,0.951,0.935,0.942,4231600,3995161.00
2017/11/06,0.940,0.940,0.928,0.933,2091900,1948081.00
2017/11/07,0.930,0.940,0.930,0.940,3609100,3373859.00
2017/11/08,0.938,0.947,0.938,0.941,9678500,9111216.00
2017/11/09,0.940,0.946,0.940,0.945,2200600,2071385.00
2017/11/10,0.941,0.945,0.939,0.940,2046200,1924219.00
2017/11/13,0.941,0.943,0.937,0.940,3929800,3694276.00
2017/11/14,0.936,0.948,0.935,0.945,17555300,16525431.00
2017/11/15,0.941,0.950,0.940,0.948,5844600,5514737.00
2017/11/16,0.944,0.959,0.944,0.955,4214700,4023431.00
2017/11/17,0.955,0.961,0.947,0.948,3478000,3324014.00
2017/11/20,0.951,0.951,0.932,0.945,2974900,2782898.00
2017/11/21,0.934,0.973,0.934,0.970,6095500,5883297.00
2017/11/22,0.975,0.983,0.970,0.977,5102300,4991910.00
2017/11/23,0.978,0.980,0.956,0.956,5623800,5479521.00
2017/11/24,0.960,0.967,0.950,0.965,2651000,2542450.00
2017/11/27,0.965,0.973,0.955,0.958,4631500,4470867.00
2017/11/28,0.953,0.956,0.946,0.955,2474700,2357453.00
2017/11/29,0.955,0.993,0.953,0.991,6008400,5851209.00
2017/11/30,0.990,0.990,0.962,0.963,2272100,2219869.00
2017/12/01,0.960,0.981,0.959,0.967,3226300,3127056.00
2017/12/04,0.965,0.967,0.957,0.964,10422400,10018000.00
2017/12/05,0.957,0.964,0.957,0.958,1494500,1435031.00
2017/12/06,0.955,0.959,0.946,0.953,3957200,3785568.00
2017/12/07,0.956,0.978,0.953,0.953,3107900,2988635.00
2017/12/08,0.950,0.958,0.945,0.955,3869000,3683638.00
2017/12/11,0.954,0.959,0.952,0.959,616700,589520.00
2017/12/12,0.960,0.968,0.955,0.955,1313100,1261054.00
2017/12/13,0.956,0.958,0.951,0.957,333900,318767.00
2017/12/14,0.956,0.959,0.954,0.955,1081100,1035623.00
2017/12/15,0.951,0.952,0.943,0.944,1152800,1092437.00
2017/12/18,0.950,0.950,0.850,0.934,1857300,1725287.00
2017/12/19,0.936,0.946,0.936,0.946,1503500,1413952.00
2017/12/20,0.946,0.946,0.931,0.934,1576500,1472602.00
2017/12/21,0.936,0.954,0.934,0.948,586400,553750.00
2017/12/22,0.948,0.950,0.945,0.945,263800,250259.00
2017/12/25,0.957,0.969,0.950,0.953,1625500,1561057.00
2017/12/26,0.953,0.959,0.953,0.959,2025600,1938379.00
2017/12/27,0.958,0.965,0.952,0.954,2465100,2364887.00
2017/12/28,0.950,0.957,0.950,0.953,85400,81592.00
2017/12/29,0.953,0.970,0.953,0.967,3821400,3683883.00
2018/01/02,0.972,1.001,0.972,0.994,8787900,8747553.00
2018/01/03,0.994,1.008,0.990,1.004,10867500,10907648.00
2018/01/04,1.003,1.008,0.996,1.006,8229700,8265106.00
2018/01/05,1.009,1.065,0.997,1.042,21453800,22138462.00
2018/01/08,1.100,1.100,1.050,1.067,18934700,20257592.00
2018/01/09,1.062,1.080,1.056,1.069,10749200,11505710.00
2018/01/10,1.070,1.085,1.060,1.068,4286500,4599348.00
2018/01/11,1.065,1.069,1.052,1.064,6694000,7097340.00
2018/01/12,1.066,1.092,1.066,1.079,8837500,9555245.00
2018/01/15,1.078,1.090,1.065,1.072,8615100,9311090.00
2018/01/16,1.065,1.147,1.065,1.135,23812900,26346664.00
2018/01/17,1.133,1.140,1.090,1.121,19399800,21784686.00
2018/01/18,1.124,1.124,1.104,1.112,11121800,12398743.00
2018/01/19,1.110,1.134,1.095,1.114,15165300,16993900.00
2018/01/22,1.109,1.114,1.097,1.110,7488000,8287441.00
2018/01/23,1.112,1.147,1.110,1.143,18459600,20836294.00
2018/01/24,1.140,1.152,1.125,1.129,12078900,13765202.00
2018/01/25,1.125,1.125,1.098,1.115,7151200,7958386.00
2018/01/26,1.110,1.138,1.109,1.128,13335000,15020919.00
2018/01/29,1.128,1.144,1.110,1.119,9356200,10566061.00
2018/01/30,1.115,1.118,1.091,1.092,3554000,3922067.00
2018/01/31,1.096,1.116,1.082,1.107,6688100,7366438.00
2018/02/01,1.107,1.112,1.078,1.083,9713200,10646179.00
2018/02/02,1.084,1.084,1.008,1.081,7141200,7651178.00
2018/02/05,1.058,1.086,1.058,1.085,4909800,5302172.00
2018/02/06,1.065,1.066,1.025,1.030,7000100,7335947.00
2018/02/07,1.056,1.056,0.973,0.983,6616000,6696677.00
2018/02/08,0.984,0.994,0.946,0.979,3260400,3194960.00
2018/02/09,0.934,0.958,0.910,0.921,4757100,4412759.00
2018/02/12,0.932,0.952,0.924,0.943,5175300,4847254.00
2018/02/13,0.943,0.982,0.943,0.966,3644400,3537835.00
2018/02/14,0.960,0.973,0.953,0.972,2864700,2761416.00
2018/02/22,0.977,0.990,0.977,0.985,1536600,1513631.00
2018/02/23,0.985,1.009,0.984,0.998,6036600,6015132.00
2018/02/26,0.995,1.004,0.967,0.995,4023400,3957317.00
2018/02/27,0.986,0.986,0.972,0.972,3467200,3392916.00
2018/02/28,0.970,0.991,0.957,0.988,8228100,8054649.00
2018/03/01,0.977,0.988,0.962,0.976,9813800,9630972.00
2018/03/02,0.961,0.986,0.961,0.976,7592100,7407974.00
2018/03/05,0.980,0.990,0.976,0.977,5797400,5706900.00
2018/03/06,0.984,1.008,0.968,1.007,11628200,11489606.00
2018/03/07,1.007,1.010,0.993,0.997,3475100,3481034.00
2018/03/08,0.995,1.009,0.988,1.009,2759000,2755025.00
2018/03/09,1.009,1.009,0.999,1.004,3501300,3514872.00
2018/03/12,1.002,1.003,0.981,0.989,3948300,3913116.00
2018/03/13,0.986,0.995,0.984,0.988,3492900,3457130.00
2018/03/14,0.983,0.997,0.979,0.990,6453100,6368302.00
2018/03/15,0.986,0.994,0.978,0.982,2194600,2158248.00
2018/03/16,0.981,0.996,0.981,0.987,4491100,4435519.00
2018/03/19,0.986,0.986,0.969,0.972,2567800,2497282.00
2018/03/20,0.972,0.972,0.958,0.966,6464800,6226896.00
2018/03/21,0.966,0.984,0.963,0.971,6281700,6129317.00
2018/03/22,0.964,0.972,0.957,0.961,785200,755458.00
2018/03/23,0.945,0.956,0.909,0.927,2311500,2147348.00
2018/03/26,0.927,0.927,0.908,0.922,915000,836006.00
2018/03/27,0.940,0.943,0.930,0.936,3341900,3128657.00
2018/03/28,0.922,0.945,0.922,0.935,2752000,2574347.00
2018/03/29,0.940,0.988,0.925,0.971,4957800,4751471.00
2018/03/30,0.971,0.971,0.955,0.961,2799900,2693957.00
2018/04/02,0.962,0.978,0.958,0.961,6476700,6270344.00
2018/04/03,0.948,0.960,0.944,0.954,6268200,5966181.00
2018/04/04,0.950,0.961,0.946,0.947,3208900,3067271.00
2018/04/09,0.947,0.948,0.933,0.939,1920100,1804443.00
2018/04/10,0.940,0.960,0.940,0.960,3019900,2870826.00
2018/04/11,0.960,0.978,0.956,0.971,4732500,4567135.00
2018/04/12,0.963,0.979,0.955,0.959,1555300,1497121.00
2018/04/13,0.961,0.969,0.948,0.950,634800,609511.00
2018/04/16,0.947,0.949,0.923,0.928,1763900,1642435.00
2018/04/17,0.929,0.929,0.912,0.916,1880500,1728500.00
2018/04/18,0.922,0.928,0.909,0.921,2322700,2132614.00
2018/04/19,0.923,0.927,0.903,0.922,678100,625059.00
2018/04/20,0.921,0.921,0.906,0.906,1352900,1233348.00
2018/04/23,0.909,0.912,0.900,0.907,1537900,1394777.00
2018/04/24,0.907,0.934,0.907,0.929,3190100,2967360.00
2018/04/25,0.928,0.928,0.919,0.920,1304800,1201756.00
2018/04/26,0.925,0.925,0.903,0.903,2502600,2285607.00
2018/04/27,0.910,0.910,0.889,0.900,3484100,3121426.00
2018/05/02,0.901,0.905,0.897,0.901,1194900,1077348.00
2018/05/03,0.900,0.906,0.892,0.903,856100,768165.00
2018/05/04,0.905,0.911,0.903,0.904,2111500,1915611.00
2018/05/07,0.910,0.916,0.902,0.914,2579700,2350249.00
2018/05/08,0.914,0.934,0.914,0.928,2931400,2715011.00
2018/05/09,0.928,0.930,0.921,0.924,1368700,1269551.00
2018/05/10,0.929,0.930,0.920,0.930,420800,389685.00
2018/05/11,0.928,0.930,0.922,0.922,1499100,1389784.00
2018/05/14,0.928,0.928,0.915,0.917,1168000,1074207.00
2018/05/15,0.920,0.921,0.915,0.921,237800,218376.00
2018/05/16,0.921,0.922,0.912,0.915,477500,437325.00
2018/05/17,0.915,0.921,0.911,0.911,1853800,1699235.00
2018/05/18,0.911,0.917,0.906,0.916,607400,553734.00
2018/05/21,0.917,0.920,0.915,0.916,558600,512828.00
2018/05/22,0.914,0.914,0.903,0.907,1062200,962048.00
2018/05/23,0.906,0.906,0.896,0.897,712300,640716.00
2018/05/24,0.895,0.898,0.891,0.894,757300,677530.00
2018/05/25,0.895,0.895,0.887,0.888,1416700,1264167.00
2018/05/28,0.888,0.890,0.881,0.883,515100,455434.00
2018/05/29,0.885,0.890,0.862,0.870,2014100,1751580.00
2018/05/30,0.863,0.863,0.847,0.848,1467300,1252561.00
2018/05/31,0.851,0.865,0.842,0.860,3206900,2722230.00
2018/06/01,0.861,0.868,0.852,0.858,2664000,2293009.00
2018/06/04,0.862,0.874,0.858,0.871,3155900,2737692.00
2018/06/05,0.875,0.878,0.866,0.876,1434500,1250835.00
2018/06/06,0.875,0.878,0.870,0.872,1427800,1243687.00
2018/06/07,0.873,0.882,0.873,0.878,1669600,1464461.00
2018/06/08,0.872,0.873,0.860,0.866,761300,658049.00
2018/06/11,0.861,0.879,0.861,0.874,4594700,4004563.00
2018/06/12,0.875,0.883,0.868,0.877,1497600,1311859.00
2018/06/13,0.876,0.887,0.873,0.873,3960700,3489443.00
2018/06/14,0.873,0.879,0.865,0.870,684100,595665.00
2018/06/15,0.868,0.889,0.868,0.876,3326600,2929937.00
2018/06/19,0.871,0.871,0.823,0.832,1582400,1336047.00
2018/06/20,0.838,0.845,0.828,0.844,1520800,1270979.00
2018/06/21,0.845,0.862,0.840,0.847,2199000,1874733.00
2018/06/22,0.847,0.851,0.836,0.849,1560700,1319633.00
2018/06/25,0.860,0.860,0.826,0.827,807400,676512.00
2018/06/26,0.825,0.825,0.785,0.805,2006600,1607720.00
2018/06/27,0.805,0.805,0.776,0.783,1759800,1378763.00
2018/06/28,0.782,0.787,0.772,0.772,354200,276341.00
2018/06/29,0.778,0.793,0.772,0.793,1076400,845564.00
2018/07/02,0.793,0.793,0.755,0.761,1950100,1508293.00
2018/07/03,0.762,0.766,0.748,0.765,1216400,923263.00
2018/07/04,0.761,0.764,0.751,0.752,760700,574732.00
2018/07/05,0.755,0.755,0.738,0.739,811400,604179.00
2018/07/06,0.739,0.743,0.721,0.741,1091400,799268.00
2018/07/09,0.741,0.755,0.741,0.755,1427200,1072148.00
2018/07/10,0.751,0.769,0.751,0.763,6027100,4576386.00
2018/07/11,0.752,0.752,0.739,0.746,691300,515918.00
2018/07/12,0.747,0.763,0.747,0.760,448200,340340.00
2018/07/13,0.760,0.782,0.760,0.764,2792400,2150209.00
2018/07/16,0.760,0.762,0.748,0.754,801300,604794.00
2018/07/17,0.748,0.754,0.745,0.751,748300,560967.00
2018/07/18,0.751,0.752,0.744,0.744,601200,450212.00
2018/07/19,0.745,0.747,0.739,0.740,555700,413973.00
2018/07/20,0.740,0.755,0.732,0.751,915800,681644.00
2018/07/23,0.750,0.769,0.745,0.765,941200,716499.00
2018/07/24,0.770,0.795,0.770,0.785,2755700,2166637.00
2018/07/25,0.785,0.789,0.779,0.786,1524600,1195021.00
2018/07/26,0.786,0.794,0.780,0.783,3742200,2950211.00
2018/07/27,0.778,0.787,0.774,0.782,3026000,2357102.00
2018/07/30,0.785,0.785,0.770,0.775,3421400,2669969.00
2018/07/31,0.779,0.785,0.775,0.784,2006400,1565230.00
2018/08/01,0.780,0.780,0.757,0.757,1723600,1323527.00
2018/08/02,0.750,0.751,0.720,0.734,2320100,1702807.00
2018/08/03,0.738,0.739,0.726,0.727,970100,709321.00
2018/08/06,0.727,0.727,0.708,0.711,1424800,1021230.00
2018/08/07,0.709,0.735,0.709,0.732,1895000,1377049.00
2018/08/08,0.732,0.738,0.724,0.724,2546800,1868999.00
2018/08/09,0.724,0.744,0.724,0.741,1258700,920674.00
2018/08/10,0.741,0.765,0.741,0.756,1159300,876521.00
2018/08/13,0.750,0.750,0.736,0.750,1045700,775665.00
2018/08/14,0.741,0.744,0.736,0.736,1132800,838569.00
2018/08/15,0.736,0.736,0.730,0.732,1282500,941022.00
2018/08/16,0.730,0.737,0.721,0.731,277200,202141.00
2018/08/17,0.736,0.738,0.725,0.725,206000,150512.00
2018/08/20,0.731,0.731,0.721,0.728,211800,153410.00
2018/08/21,0.733,0.743,0.730,0.735,355100,262514.00
2018/08/22,0.735,0.742,0.735,0.736,141100,103819.00
2018/08/23,0.736,0.740,0.729,0.738,128400,94319.00
2018/08/24,0.732,0.739,0.730,0.735,406600,299495.00
2018/08/27,0.739,0.755,0.739,0.752,457900,341272.00
2018/08/28,0.752,0.757,0.752,0.757,487000,367409.00
2018/08/29,0.755,0.760,0.754,0.756,284800,216077.00
2018/08/30,0.759,0.759,0.750,0.750,397400,300175.00
2018/08/31,0.746,0.760,0.744,0.753,1205000,908999.00
2018/09/03,0.745,0.756,0.745,0.749,1563000,1175708.00
2018/09/04,0.749,0.762,0.749,0.761,1075100,811254.00
2018/09/05,0.762,0.762,0.745,0.745,738800,552550.00
2018/09/06,0.745,0.749,0.733,0.737,3396500,2519936.00
2018/09/07,0.739,0.746,0.733,0.741,3396900,2508420.00
2018/09/10,0.742,0.747,0.736,0.736,1723000,1277430.00
2018/09/11,0.736,0.740,0.729,0.732,585100,431388.00
2018/09/12,0.732,0.734,0.727,0.729,867900,634180.00
2018/09/13,0.739,0.739,0.728,0.736,161000,118487.00
2018/09/14,0.745,0.745,0.730,0.737,767100,563419.00
2018/09/17,0.732,0.733,0.724,0.728,43100,31323.00
2018/09/18,0.726,0.737,0.723,0.734,342800,250144.00
2018/09/19,0.734,0.766,0.734,0.762,5198300,3920835.00
2018/09/20,0.750,0.768,0.750,0.759,2007700,1525405.00
2018/09/21,0.762,0.784,0.758,0.781,1737600,1349941.00
2018/09/25,0.775,0.775,0.752,0.758,1156400,877326.00
2018/09/26,0.758,0.764,0.750,0.758,1636700,1236526.00
2018/09/27,0.751,0.756,0.748,0.749,798400,600617.00
2018/09/28,0.749,0.756,0.747,0.752,1827900,1375286.00
2018/10/08,0.752,0.752,0.717,0.719,2666700,1928401.00
2018/10/09,0.719,0.719,0.708,0.712,861500,611969.00
2018/10/10,0.712,0.716,0.705,0.709,965100,685569.00
2018/10/11,0.680,0.694,0.660,0.667,1199700,812003.00
2018/10/12,0.665,0.670,0.647,0.670,2042300,1355585.00
2018/10/15,0.669,0.671,0.656,0.658,531100,354272.00
2018/10/16,0.659,0.664,0.638,0.640,157400,101910.00
2018/10/17,0.650,0.650,0.640,0.648,736100,475707.00
2018/10/18,0.641,0.642,0.633,0.633,383200,244424.00
2018/10/19,0.631,0.654,0.602,0.654,310900,199999.00
2018/10/22,0.656,0.689,0.656,0.679,1269300,864809.00
2018/10/23,0.679,0.686,0.668,0.672,140700,95146.00
2018/10/24,0.676,0.686,0.671,0.674,108000,73193.00
2018/10/25,0.670,0.692,0.657,0.689,1060600,723904.00
2018/10/26,0.686,0.750,0.686,0.726,2175800,1559173.00
2018/10/29,0.715,0.715,0.684,0.690,2067200,1434798.00
2018/10/30,0.690,0.711,0.686,0.710,2005200,1401648.00
2018/10/31,0.709,0.717,0.697,0.714,1605900,1131156.00
2018/11/01,0.722,0.731,0.717,0.719,955300,691738.00
2018/11/02,0.734,0.734,0.710,0.728,1294900,934203.00
2018/11/05,0.711,0.721,0.711,0.721,504600,361592.00
2018/11/06,0.721,0.730,0.717,0.728,2710700,1959590.00
2018/11/07,0.726,0.732,0.720,0.722,1965200,1423249.00
2018/11/08,0.721,0.731,0.721,0.722,1471500,1070649.00
2018/11/09,0.722,0.725,0.716,0.720,577700,416518.00
2018/11/12,0.721,0.734,0.718,0.733,1180100,857717.00
2018/11/13,0.725,0.750,0.725,0.749,4064400,2977624.00
2018/11/14,0.749,0.758,0.745,0.747,2075800,1554095.00
2018/11/15,0.740,0.756,0.740,0.755,467200,350749.00
2018/11/16,0.755,0.777,0.752,0.773,735000,562324.00
2018/11/19,0.780,0.800,0.778,0.799,5047900,4000617.00
2018/11/20,0.799,0.799,0.773,0.773,3500900,2764320.00
2018/11/21,0.756,0.799,0.756,0.791,3744100,2924623.00
2018/11/22,0.791,0.791,0.771,0.779,728500,566195.00
2018/11/23,0.779,0.779,0.745,0.751,1108300,838657.00
2018/11/26,0.751,0.761,0.747,0.748,993500,746956.00
2018/11/27,0.749,0.755,0.742,0.746,2456500,1844627.00
2018/11/28,0.747,0.762,0.746,0.762,4953200,3722324.00
2018/11/29,0.768,0.769,0.741,0.744,1852700,1408990.00
2018/11/30,0.740,0.749,0.730,0.749,1424000,1056086.00
2018/12/03,0.749,0.764,0.741,0.754,913600,689141.00
2018/12/04,0.751,0.771,0.745,0.753,5581800,4189201.00
2018/12/05,0.742,0.753,0.740,0.745,1728300,1288928.00
2018/12/06,0.742,0.743,0.735,0.735,1071300,791349.00
2018/12/07,0.738,0.746,0.738,0.739,1311400,974751.00
2018/12/10,0.739,0.740,0.730,0.730,1216100,895880.00
2018/12/11,0.732,0.751,0.732,0.751,2333400,1731234.00
2018/12/12,0.753,0.758,0.749,0.750,7500600,5638161.00
2018/12/13,0.751,0.771,0.751,0.769,4598300,3494529.50
2018/12/14,0.769,0.769,0.747,0.747,1891200,1430373.00
2018/12/17,0.745,0.780,0.739,0.749,465700,347131.00
2018/12/18,0.746,0.746,0.726,0.733,402600,295495.00
2018/12/19,0.740,0.742,0.728,0.731,1512600,1116069.00
2018/12/20,0.731,0.747,0.727,0.731,5623300,4102181.00
2018/12/21,0.724,0.724,0.708,0.716,4502600,3193371.00
2018/12/24,0.716,0.716,0.706,0.712,1358400,961773.00
2018/12/25,0.711,0.711,0.696,0.708,617000,432368.00
2018/12/26,0.707,0.710,0.702,0.710,315500,222665.00
2018/12/27,0.720,0.720,0.704,0.705,1374800,982855.00
2018/12/28,0.705,0.710,0.701,0.706,1119400,786890.00
2019/01/02,0.706,0.706,0.698,0.701,227000,159445.00
2019/01/03,0.701,0.710,0.700,0.702,61700,43329.00
2019/01/04,0.698,0.720,0.697,0.720,351200,248367.00
2019/01/07,0.729,0.771,0.725,0.733,1668100,1221260.00
2019/01/08,0.727,0.727,0.719,0.722,1512500,1092013.00
2019/01/09,0.722,0.737,0.722,0.727,1866100,1366935.00
2019/01/10,0.727,0.728,0.720,0.722,1613000,1169424.00
2019/01/11,0.722,0.727,0.720,0.727,1457300,1055550.00
2019/01/14,0.728,0.728,0.718,0.719,1329300,962337.00
2019/01/15,0.717,0.727,0.709,0.727,839400,604490.00
2019/01/16,0.727,0.739,0.723,0.734,2030800,1478199.00
2019/01/17,0.730,0.732,0.724,0.727,659200,480745.00
2019/01/18,0.727,0.734,0.725,0.733,2611200,1905404.00
2019/01/21,0.733,0.737,0.726,0.732,5134500,3767698.00
2019/01/22,0.731,0.741,0.726,0.728,2158900,1585378.00
2019/01/23,0.727,0.727,0.722,0.726,1131100,819877.00
2019/01/24,0.724,0.728,0.721,0.728,451500,326738.00
2019/01/25,0.729,0.739,0.728,0.732,12456900,9153560.00
2019/01/28,0.732,0.747,0.727,0.740,3225400,2369910.00
2019/01/29,0.730,0.739,0.719,0.734,3265100,2381805.00
2019/01/30,0.732,0.759,0.732,0.737,6086200,4549964.00
2019/01/31,0.737,0.746,0.737,0.741,2703900,2000395.00
2019/02/01,0.743,0.746,0.734,0.746,1677700,1241439.00
2019/02/11,0.745,0.759,0.740,0.759,1441900,1080126.00
2019/02/12,0.758,0.761,0.750,0.761,1552300,1177051.00
2019/02/13,0.761,0.776,0.758,0.775,3085500,2362992.00
2019/02/14,0.771,0.778,0.770,0.776,3112200,2411746.00
2019/02/15,0.776,0.776,0.760,0.760,1698400,1302650.00
2019/02/18,0.760,0.785,0.760,0.780,3994200,3081461.00
2019/02/19,0.780,0.791,0.778,0.787,2320800,1826069.00
2019/02/20,0.780,0.798,0.772,0.793,1278300,1007837.00
2019/02/21,0.790,0.797,0.780,0.780,2174000,1721283.00
2019/02/22,0.780,0.795,0.777,0.795,874200,685711.00
2019/02/25,0.795,0.853,0.795,0.853,4077900,3335914.00
2019/02/26,0.856,0.858,0.832,0.838,6380300,5382551.00
2019/02/27,0.836,0.856,0.833,0.841,4693100,3962022.00
2019/02/28,0.841,0.858,0.839,0.842,4969800,4233457.00
2019/03/01,0.842,0.845,0.828,0.843,4247300,3559497.00
2019/03/04,0.844,0.889,0.844,0.878,7944600,6894031.00
2019/03/05,0.878,0.899,0.860,0.895,12906600,11394772.00
2019/03/06,0.895,0.899,0.884,0.899,5658500,5041503.00
2019/03/07,0.885,0.902,0.880,0.891,5062900,4501581.00
2019/03/08,0.880,0.887,0.840,0.850,2788400,2421212.00
2019/03/11,0.850,0.865,0.835,0.864,3978200,3369187.00
2019/03/12,0.861,0.888,0.861,0.874,2325800,2042903.00
2019/03/13,0.874,0.907,0.871,0.899,3774800,3381470.00
2019/03/14,0.918,0.919,0.868,0.883,4233300,3762239.00
2019/03/15,0.880,0.919,0.860,0.911,3099500,2803910.00
2019/03/18,0.920,0.933,0.895,0.932,2912800,2657726.00
2019/03/19,0.932,0.951,0.926,0.933,5181800,4866902.00
2019/03/20,0.933,0.944,0.910,0.943,4181900,3902434.00
2019/03/21,0.952,0.965,0.935,0.941,5875900,5564722.00
2019/03/22,0.941,0.946,0.927,0.942,2960900,2765814.00
2019/03/25,0.933,0.942,0.920,0.928,4847100,4542564.00
2019/03/26,0.928,0.931,0.904,0.917,2223800,2033931.00
2019/03/27,0.917,0.930,0.901,0.919,1769800,1611078.00
2019/03/28,0.915,0.917,0.882,0.899,1856200,1674588.00
2019/03/29,0.893,0.950,0.893,0.940,3571000,3303116.00
2019/04/01,0.960,0.988,0.960,0.982,8429200,8255571.00
2019/04/02,0.991,0.991,0.971,0.990,4690100,4598500.00
2019/04/03,0.988,1.089,0.969,0.998,7013800,6992246.00
2019/04/04,1.020,1.020,0.987,0.999,10158300,10156944.00
2019/04/08,1.001,1.011,0.975,0.987,9245700,9206174.00
2019/04/09,0.993,1.021,0.993,1.015,10635500,10731012.00
2019/04/10,1.020,1.020,1.000,1.010,7472700,7535240.00
2019/04/11,1.012,1.014,0.985,0.989,11649900,11614048.00
2019/04/12,0.989,0.996,0.975,0.993,3550200,3497886.00
2019/04/15,1.012,1.020,0.977,0.977,3600600,3590762.00
2019/04/16,0.977,0.992,0.950,0.992,3424100,3317517.00
2019/04/17,0.993,0.993,0.977,0.982,2945600,2896847.00
2019/04/18,0.974,0.981,0.968,0.978,6487000,6312502.00
2019/04/19,0.967,0.980,0.963,0.978,4266900,4148141.00
2019/04/22,0.970,0.970,0.940,0.948,5381000,5123560.00
2019/04/23,0.944,0.955,0.939,0.948,1792000,1695081.00
2019/04/24,0.949,0.949,0.931,0.944,2586400,2430816.00
2019/04/25,0.942,0.945,0.917,0.921,2672600,2480827.00
2019/04/26,0.917,0.922,0.905,0.905,2616600,2386381.00
2019/04/29,0.906,0.913,0.896,0.898,2199400,1987897.00
2019/04/30,0.898,0.910,0.895,0.906,2228600,2015194.00
2019/05/06,0.890,0.890,0.836,0.847,3984100,3416411.00
2019/05/07,0.867,0.867,0.847,0.855,2581900,2208828.00
2019/05/08,0.845,0.867,0.844,0.858,1012500,865090.00
2019/05/09,0.850,0.857,0.836,0.837,990800,836127.00
2019/05/10,0.850,0.869,0.831,0.867,2638900,2254575.00
2019/05/13,0.867,0.867,0.854,0.865,541900,466308.00
2019/05/14,0.848,0.866,0.848,0.861,2318400,1989271.00
2019/05/15,0.865,0.875,0.863,0.874,3232500,2806988.00
2019/05/16,0.864,0.879,0.864,0.878,398100,347174.00
2019/05/17,0.878,0.880,0.850,0.853,769400,664785.00
2019/05/20,0.853,0.853,0.834,0.842,940700,790790.00
2019/05/21,0.842,0.861,0.842,0.853,963100,822957.00
2019/05/22,0.855,0.855,0.847,0.851,114100,97170.00
2019/05/23,0.844,0.854,0.836,0.844,3995900,3356738.00
2019/05/24,0.844,0.844,0.834,0.838,803300,673592.00
2019/05/27,0.835,0.853,0.833,0.847,2854200,2391716.00
2019/05/28,0.854,0.863,0.850,0.857,2082600,1782420.00
2019/05/29,0.857,0.859,0.851,0.854,547300,467810.00
2019/05/30,0.848,0.848,0.841,0.848,520900,440249.00
2019/05/31,0.850,0.854,0.846,0.850,375800,319034.00
2019/06/03,0.849,0.855,0.838,0.849,321100,271859.00
2019/06/04,0.850,0.850,0.831,0.834,1346000,1122384.00
2019/06/05,0.844,0.853,0.835,0.845,2166900,1833450.00
2019/06/06,0.845,0.845,0.830,0.837,431200,360212.00
2019/06/10,0.843,0.850,0.838,0.845,1156900,979692.00
2019/06/11,0.845,0.888,0.845,0.875,5350000,4601785.00
2019/06/12,0.867,0.867,0.858,0.860,2676600,2304480.00
2019/06/13,0.856,0.860,0.850,0.858,1327600,1137815.00
2019/06/14,0.858,0.865,0.852,0.855,1011700,870092.00
2019/06/17,0.844,0.861,0.844,0.861,462100,394517.00
2019/06/18,0.854,0.854,0.844,0.848,1980300,1679140.00
2019/06/19,0.854,0.869,0.850,0.854,3488300,2995908.00
2019/06/20,0.854,0.872,0.853,0.869,2374600,2042710.00
2019/06/21,0.866,0.878,0.866,0.875,1785500,1560375.00
2019/06/24,0.875,0.875,0.864,0.872,974100,847337.00
2019/06/25,0.872,0.872,0.856,0.867,947800,816011.00
2019/06/26,0.857,0.868,0.857,0.865,1836400,1588531.00
2019/06/27,0.865,0.872,0.861,0.865,3635600,3151999.00
2019/06/28,0.865,0.866,0.858,0.865,1320600,1140183.00
2019/07/01,0.874,0.886,0.870,0.886,1397600,1224149.00
2019/07/02,0.880,0.886,0.875,0.885,917500,807005.00
2019/07/03,0.885,0.899,0.880,0.896,5113500,4562755.00
2019/07/04,0.882,0.910,0.882,0.899,53151900,47820524.00
2019/07/05,0.898,0.898,0.880,0.885,5486100,4853054.00
2019/07/08,0.885,0.885,0.856,0.864,3824800,3323579.00
2019/07/09,0.866,0.873,0.861,0.864,3459400,3000678.00
2019/07/10,0.865,0.865,0.855,0.859,576700,495540.00
2019/07/11,0.863,0.866,0.852,0.857,3163100,2714222.00
2019/07/12,0.857,0.866,0.852,0.864,2790200,2402351.00
2019/07/15,0.869,0.869,0.835,0.865,2433300,2093947.00
2019/07/16,0.864,0.875,0.860,0.873,3617700,3144903.00
2019/07/17,0.874,0.880,0.870,0.878,2251900,1973275.00
2019/07/18,0.875,0.875,0.866,0.866,1612100,1402631.00
2019/07/19,0.867,0.893,0.867,0.890,6202300,5494329.00
2019/07/22,0.890,0.896,0.880,0.887,3603400,3204761.00
2019/07/23,0.884,0.885,0.869,0.873,3240500,2841732.00
2019/07/24,0.875,0.879,0.872,0.875,1756900,1539137.00
2019/07/25,0.871,0.875,0.868,0.875,1401200,1220348.00
2019/07/26,0.873,0.878,0.870,0.876,1769700,1544477.00
2019/07/29,0.875,0.877,0.870,0.871,560800,489125.00
2019/07/30,0.871,0.880,0.871,0.879,2519300,2210076.00
2019/07/31,0.874,0.877,0.854,0.857,5733300,4929849.00
2019/08/01,0.856,0.856,0.839,0.840,2282300,1926651.00
2019/08/02,0.826,0.829,0.820,0.828,1561100,1285326.00
2019/08/05,0.825,0.825,0.808,0.810,1549200,1261874.00
2019/08/06,0.805,0.805,0.784,0.798,2529500,2011372.00
2019/08/07,0.798,0.806,0.798,0.802,2049900,1646460.00
2019/08/08,0.807,0.807,0.800,0.802,721500,578168.00
2019/08/09,0.804,0.804,0.789,0.794,3019800,2398318.00
2019/08/12,0.794,0.802,0.791,0.801,760500,606815.00
2019/08/13,0.802,0.802,0.793,0.795,583200,463229.00
2019/08/14,0.797,0.802,0.794,0.795,886300,708084.00
2019/08/15,0.791,0.800,0.783,0.798,1801700,1428791.00
2019/08/16,0.798,0.805,0.798,0.799,1067100,855463.00
2019/08/19,0.805,0.825,0.805,0.824,2424600,1977168.00
2019/08/20,0.825,0.833,0.824,0.829,3212500,2662648.00
2019/08/21,0.827,0.835,0.827,0.831,1495900,1246997.00
2019/08/22,0.831,0.831,0.823,0.826,474100,391701.00
2019/08/23,0.824,0.830,0.824,0.829,3542700,2928479.00
2019/08/26,0.829,0.829,0.809,0.818,4724600,3841340.00
2019/08/27,0.821,0.840,0.821,0.833,4871400,4055473.00
2019/08/28,0.832,0.835,0.828,0.831,445700,370197.00
2019/08/29,0.835,0.835,0.822,0.823,5024900,4161587.00
2019/08/30,0.829,0.830,0.814,0.817,1342200,1105950.00
2019/09/02,0.820,0.829,0.820,0.826,2160400,1781947.00
2019/09/03,0.826,0.827,0.820,0.823,2150800,1770184.00
2019/09/04,0.823,0.848,0.823,0.846,8615500,7238123.00
2019/09/05,0.851,0.860,0.844,0.844,12318200,10501924.00
2019/09/06,0.844,0.850,0.841,0.848,3508800,2962692.00
2019/09/09,0.854,0.860,0.853,0.860,4242100,3632893.00
2019/09/10,0.853,0.858,0.845,0.856,1750600,1489980.00
2019/09/11,0.865,0.866,0.850,0.852,1485900,1270609.00
2019/09/12,0.856,0.875,0.853,0.871,4611800,4002184.00
2019/09/16,0.882,0.882,0.862,0.867,2021900,1759355.00
2019/09/17,0.868,0.868,0.846,0.851,2326100,1987270.00
2019/09/18,0.849,0.866,0.849,0.860,2458300,2115761.00
2019/09/19,0.860,0.862,0.855,0.862,1655000,1419854.00
2019/09/20,0.862,0.862,0.854,0.859,1176000,1007619.00
2019/09/23,0.880,0.880,0.838,0.844,2050100,1740157.00
2019/09/24,0.845,0.850,0.841,0.844,614000,518621.00
2019/09/25,0.837,0.843,0.837,0.838,1270400,1065556.00
2019/09/26,0.840,0.848,0.834,0.836,1566300,1320388.00
2019/09/27,0.834,0.837,0.831,0.833,1571500,1310506.00
2019/09/30,0.833,0.836,0.829,0.829,1220400,1017168.00
2019/10/08,0.832,0.853,0.830,0.850,5223400,4418593.00
2019/10/09,0.847,0.865,0.842,0.864,5125900,4401879.00
2019/10/10,0.864,0.869,0.858,0.864,2403300,2069588.00
2019/10/11,0.864,0.870,0.862,0.867,2631500,2278771.00
2019/10/14,0.872,0.883,0.865,0.876,3756800,3300550.00
2019/10/15,0.876,0.882,0.870,0.872,878700,768334.00
2019/10/16,0.875,0.898,0.873,0.875,6843200,6050477.00
2019/10/17,0.875,0.879,0.869,0.871,4157200,3635299.00
2019/10/18,0.875,0.876,0.851,0.855,5872900,5081369.00
2019/10/21,0.855,0.872,0.855,0.869,3278400,2824723.00
2019/10/22,0.869,0.877,0.862,0.870,830000,719220.00
2019/10/23,0.868,0.868,0.857,0.861,1913900,1652206.00
2019/10/24,0.860,0.865,0.860,0.863,833500,718527.00
2019/10/25,0.865,0.872,0.856,0.872,752800,653328.00
2019/10/28,0.872,0.872,0.860,0.868,2229400,1931368.00
2019/10/29,0.865,0.865,0.860,0.860,1627800,1402558.00
2019/10/30,0.861,0.861,0.849,0.851,1897100,1616678.00
2019/10/31,0.855,0.855,0.842,0.845,1136200,961668.00
2019/11/01,0.849,0.861,0.840,0.861,965400,821885.00
2019/11/04,0.861,0.862,0.854,0.858,1829200,1568870.00
2019/11/05,0.858,0.868,0.854,0.862,1908600,1644613.00
2019/11/06,0.865,0.865,0.853,0.863,1698900,1456814.00
2019/11/07,0.859,0.862,0.856,0.857,2028500,1742236.00
2019/11/08,0.860,0.863,0.851,0.852,642900,551333.00
2019/11/11,0.850,0.850,0.832,0.837,2307900,1936002.00
2019/11/12,0.837,0.837,0.830,0.834,1002200,836159.00
2019/11/13,0.831,0.832,0.822,0.824,1977700,1634953.00
2019/11/14,0.831,0.831,0.823,0.825,790100,652428.00
2019/11/15,0.832,0.832,0.818,0.819,1180000,970560.00
2019/11/18,0.818,0.827,0.815,0.825,894100,735738.00
2019/11/19,0.825,0.835,0.824,0.834,925200,769080.00
2019/11/20,0.834,0.837,0.829,0.830,1543200,1287585.00
2019/11/21,0.831,0.831,0.824,0.829,1065300,883346.00
2019/11/22,0.827,0.838,0.822,0.827,1057100,873621.00
2019/11/25,0.828,0.851,0.828,0.850,8227700,6956341.00
2019/11/26,0.851,0.852,0.841,0.843,6081000,5138903.00
2019/11/27,0.845,0.851,0.841,0.841,2851300,2417119.00
2019/11/28,0.847,0.847,0.833,0.835,973900,815521.00
2019/11/29,0.834,0.838,0.831,0.833,2767200,2312372.00
2019/12/02,0.836,0.848,0.836,0.848,2697400,2278027.00
2019/12/03,0.837,0.850,0.837,0.847,3241600,2744207.00
2019/12/04,0.840,0.845,0.838,0.840,599800,504789.00
2019/12/05,0.840,0.845,0.840,0.845,1955900,1648473.00
2019/12/06,0.845,0.848,0.841,0.848,1875900,1581848.00
2019/12/09,0.849,0.864,0.848,0.864,7027000,6030156.00
2019/12/10,0.864,0.864,0.857,0.861,3219300,2766050.00
2019/12/11,0.863,0.874,0.863,0.866,6609500,5729890.00
2019/12/12,0.865,0.866,0.860,0.862,5240100,4514746.00
2019/12/13,0.864,0.873,0.864,0.873,5567100,4836840.00
2019/12/16,0.875,0.882,0.867,0.882,4310400,3768617.00
2019/12/17,0.884,0.913,0.878,0.898,13156100,11730590.00
2019/12/18,0.897,0.907,0.894,0.899,8484300,7636191.00
2019/12/19,0.899,0.904,0.894,0.899,12520300,11253277.00
2019/12/20,0.899,0.914,0.899,0.906,14069300,12768075.00
2019/12/23,0.903,0.912,0.882,0.884,11144200,10012146.00
2019/12/24,0.886,0.888,0.873,0.883,8076200,7108274.00
2019/12/25,0.877,0.885,0.877,0.884,5474700,4817044.00
2019/12/26,0.884,0.906,0.884,0.903,18865300,16941252.00
2019/12/27,0.902,0.908,0.894,0.898,14069000,12684038.00
2019/12/30,0.897,0.915,0.897,0.910,59515400,54136940.00
2019/12/31,0.910,0.922,0.907,0.920,19421400,17742152.00
2020/01/02,0.938,0.947,0.927,0.928,20599700,19255128.00
2020/01/03,0.928,0.928,0.915,0.923,18820800,17330056.00
2020/01/06,0.916,0.919,0.908,0.916,19619500,17906150.00
2020/01/07,0.916,0.921,0.913,0.921,14215100,13029376.00
2020/01/08,0.918,0.918,0.901,0.902,19347800,17588744.00
2020/01/09,0.913,0.923,0.912,0.921,16019200,14704359.00
2020/01/10,0.923,0.927,0.910,0.914,10869900,9944630.00
2020/01/13,0.910,0.921,0.908,0.920,10077200,9208308.00
2020/01/14,0.924,0.925,0.917,0.917,13984100,12877219.00
2020/01/15,0.916,0.917,0.905,0.908,9807300,8920451.00
2020/01/16,0.907,0.911,0.902,0.903,10017400,9071688.00
2020/01/17,0.907,0.909,0.899,0.902,10228700,9241782.00
2020/01/20,0.903,0.903,0.893,0.900,15326600,13745813.00
2020/01/21,0.895,0.900,0.880,0.883,22794200,20193912.00
2020/01/22,0.880,0.895,0.873,0.893,32691900,28982930.00
2020/01/23,0.886,0.886,0.854,0.861,51387500,44970368.00
2020/02/03,0.775,0.802,0.775,0.775,27351700,21351508.00
2020/02/04,0.763,0.785,0.761,0.778,25985300,20090484.00
2020/02/05,0.779,0.795,0.775,0.785,10946000,8592898.00
2020/02/06,0.790,0.802,0.779,0.796,34964500,27508812.00
2020/02/07,0.794,0.794,0.782,0.794,22414000,17637078.00
2020/02/10,0.793,0.813,0.785,0.811,40940300,32919808.00
2020/02/11,0.814,0.824,0.808,0.816,33118000,27097998.00
2020/02/12,0.816,0.820,0.811,0.820,16262600,13257337.00
2020/02/13,0.816,0.845,0.816,0.829,38573200,32250860.00
2020/02/14,0.829,0.858,0.829,0.856,88865200,75323704.00
2020/02/17,0.857,0.874,0.848,0.870,66509400,57028680.00
2020/02/18,0.866,0.866,0.848,0.856,39898600,34140936.00
2020/02/19,0.852,0.867,0.852,0.861,48404400,41641308.00
2020/02/20,0.851,0.870,0.849,0.870,39888700,34312576.00
2020/02/21,0.870,0.871,0.859,0.863,33023800,28506708.00
2020/02/24,0.855,0.856,0.842,0.850,37394000,31734368.00
2020/02/25,0.835,0.852,0.830,0.847,36226700,30561466.00
2020/02/26,0.840,0.888,0.836,0.867,135534400,118286264.00
2020/02/27,0.873,0.875,0.855,0.858,60176000,51945084.00
2020/02/28,0.840,0.861,0.820,0.834,64768700,54822272.00
2020/03/02,0.839,0.891,0.839,0.879,107433800,93495680.00
2020/03/03,0.887,0.895,0.868,0.880,83046700,72768776.00
2020/03/04,0.877,0.913,0.872,0.912,204148300,182566896.00
2020/03/05,0.900,0.919,0.896,0.916,148700800,135196128.00
2020/03/06,0.900,0.905,0.888,0.895,83575600,74756448.00
2020/03/09,0.871,0.877,0.865,0.866,75679600,65866160.00
2020/03/10,0.852,0.879,0.851,0.878,46599600,40471316.00
2020/03/11,0.879,0.889,0.873,0.873,42567400,37477008.00
2020/03/12,0.860,0.870,0.853,0.860,29769200,25637252.00
2020/03/13,0.830,0.856,0.817,0.851,48054000,40197824.00
2020/03/16,0.853,0.860,0.822,0.827,43282200,36571436.00
2020/03/17,0.831,0.839,0.793,0.816,32525800,26467164.00
2020/03/18,0.817,0.823,0.786,0.787,42025700,33989116.00
2020/03/19,0.785,0.787,0.752,0.773,45805500,35241648.00
2020/03/20,0.783,0.795,0.775,0.795,38422500,30238876.00
2020/03/23,0.771,0.775,0.759,0.760,22805400,17478878.00
2020/03/24,0.767,0.779,0.760,0.776,22144300,17024324.00
2020/03/25,0.788,0.814,0.786,0.811,66697000,53481124.00
2020/03/26,0.806,0.810,0.797,0.803,29247200,23538804.00
2020/03/27,0.808,0.826,0.806,0.810,58210400,47391148.00
2020/03/30,0.798,0.804,0.793,0.799,34065500,27198368.00
2020/03/31,0.802,0.808,0.788,0.793,17713400,14107417.00
2020/04/01,0.791,0.807,0.791,0.795,18957900,15188357.00
2020/04/02,0.791,0.805,0.790,0.804,15243600,12148436.00
2020/04/03,0.805,0.807,0.797,0.802,14622700,11739955.00
2020/04/07,0.812,0.816,0.809,0.814,15747500,12799281.00
2020/04/08,0.808,0.812,0.804,0.810,14362100,11619001.00
2020/04/09,0.810,0.815,0.808,0.810,10128400,8213260.00
2020/04/10,0.810,0.823,0.801,0.806,42049600,34081560.00
2020/04/13,0.801,0.805,0.797,0.802,12879100,10326846.00
2020/04/14,0.798,0.818,0.798,0.816,22561100,18339876.00
2020/04/15,0.813,0.816,0.804,0.806,10417600,8437534.00
2020/04/16,0.801,0.809,0.801,0.807,12017400,9686024.00
2020/04/17,0.811,0.817,0.809,0.811,16717400,13575723.00
2020/04/20,0.817,0.817,0.800,0.812,47630800,38471260.00
2020/04/21,0.810,0.811,0.796,0.802,16741200,13423327.00
2020/04/22,0.795,0.806,0.793,0.806,15164000,12152787.00
2020/04/23,0.807,0.809,0.802,0.805,12837300,10350012.00
2020/04/24,0.803,0.804,0.796,0.799,13773900,11012438.00
2020/04/27,0.799,0.811,0.799,0.804,22343300,17972832.00
2020/04/28,0.811,0.811,0.791,0.804,22335800,17938792.00
2020/04/29,0.803,0.819,0.801,0.819,25518100,20734816.00
2020/04/30,0.819,0.829,0.815,0.828,19866700,16364113.00
2020/05/06,0.816,0.822,0.814,0.822,16388800,13404893.00
2020/05/07,0.822,0.822,0.814,0.815,12292700,10044012.00
2020/05/08,0.820,0.827,0.815,0.827,30971800,25490510.00
2020/05/11,0.827,0.829,0.821,0.826,17962900,14826592.00
2020/05/12,0.824,0.824,0.814,0.818,11508600,9411916.00
2020/05/13,0.818,0.819,0.812,0.818,9527900,7765532.00
2020/05/14,0.816,0.816,0.808,0.809,13311600,10796992.00
2020/05/15,0.808,0.815,0.808,0.812,11052200,8978086.00
2020/05/18,0.813,0.820,0.811,0.816,14043000,11480437.00
2020/05/19,0.816,0.824,0.814,0.817,14873600,12155215.00
2020/05/20,0.815,0.815,0.808,0.810,10183000,8248993.00
2020/05/21,0.810,0.814,0.804,0.804,21394800,17327474.00
2020/05/22,0.804,0.805,0.791,0.792,11612600,9270001.00
2020/05/25,0.792,0.802,0.790,0.798,13851700,11047302.00
2020/05/26,0.801,0.807,0.799,0.807,6581100,5279296.00
2020/05/27,0.808,0.813,0.804,0.809,14072200,11388249.00
2020/05/28,0.811,0.823,0.808,0.814,24177100,19779780.00
2020/05/29,0.811,0.813,0.806,0.809,30021900,24274718.00
2020/06/01,0.810,0.831,0.810,0.830,24869700,20507076.00
2020/06/02,0.835,0.848,0.832,0.844,32117600,27043346.00
2020/06/03,0.846,0.857,0.840,0.840,23941500,20334214.00
2020/06/04,0.840,0.847,0.836,0.839,13919500,11676717.00
2020/06/05,0.839,0.840,0.830,0.837,10057600,8385357.00
2020/06/08,0.840,0.848,0.839,0.844,17968800,15168339.00
2020/06/09,0.844,0.849,0.840,0.844,11040900,9313153.00
2020/06/10,0.844,0.847,0.835,0.838,11593000,9749037.00
2020/06/11,0.838,0.843,0.830,0.835,6284900,5260282.00
2020/06/12,0.820,0.834,0.819,0.830,6683600,5532339.00
2020/06/15,0.825,0.839,0.824,0.827,7387100,6153907.00
2020/06/16,0.835,0.840,0.832,0.840,7368800,6161749.00
2020/06/17,0.840,0.840,0.832,0.838,8498000,7099067.00
2020/06/18,0.838,0.847,0.836,0.843,11085600,9343554.00
2020/06/19,0.830,0.850,0.830,0.842,34389600,28899456.00
2020/06/22,0.839,0.848,0.839,0.843,20597600,17405788.00
2020/06/23,0.840,0.844,0.835,0.841,19303700,16214411.00
2020/06/24,0.842,0.858,0.841,0.857,50031000,42558920.00
2020/06/29,0.855,0.856,0.838,0.841,26795500,22596616.00
2020/06/30,0.845,0.861,0.842,0.859,60187900,51245376.00
2020/07/01,0.863,0.915,0.858,0.910,101312800,90275360.00
2020/07/02,0.909,0.941,0.902,0.937,155332900,143868080.00
2020/07/03,0.940,0.953,0.924,0.952,141834000,133050944.00
2020/07/06,0.982,1.047,0.968,1.047,471237800,472135328.00
2020/07/07,1.100,1.114,1.007,1.015,400461100,412811456.00
2020/07/08,1.000,1.030,0.991,1.028,316862389,318841728.00
2020/07/09,1.018,1.037,1.005,1.029,248698500,254000592.00
2020/07/10,1.015,1.032,1.008,1.016,197535877,201336960.00
2020/07/13,1.015,1.034,1.001,1.030,167779500,171446096.00
2020/07/14,1.028,1.045,1.000,1.017,171315700,174284784.00
2020/07/15,1.017,1.026,0.982,0.988,174500200,173934640.00
2020/07/16,0.982,1.001,0.954,0.956,81468200,80022160.00
2020/07/17,0.969,0.971,0.939,0.951,95149097,90494088.00
2020/07/20,0.955,0.988,0.954,0.987,126854407,124029680.00
2020/07/21,0.993,0.997,0.981,0.987,62290207,61458872.00
2020/07/22,0.987,1.002,0.978,0.990,77038000,76283504.00
2020/07/23,0.984,0.984,0.955,0.974,75252400,72948496.00
2020/07/24,0.964,0.983,0.938,0.944,152357300,145495920.00
2020/07/27,0.945,0.947,0.921,0.927,106905700,99363640.00
2020/07/28,0.928,0.936,0.925,0.933,103017600,95733544.00
2020/07/29,0.930,0.950,0.921,0.950,132160700,124251816.00
2020/07/30,0.946,0.949,0.938,0.945,110786600,104480816.00
2020/07/31,0.940,0.956,0.935,0.946,118797500,112400600.00
2020/08/03,0.952,0.969,0.951,0.967,100511250,96544656.00
2020/08/04,0.979,0.985,0.963,0.982,124491050,121119992.00
2020/08/05,0.975,0.975,0.956,0.965,81984600,78996024.00
2020/08/06,0.965,0.975,0.956,0.970,79643200,76932464.00
2020/08/07,0.965,0.967,0.950,0.959,92862300,89165760.00
2020/08/10,0.954,0.987,0.954,0.980,140458200,136789264.00
2020/08/11,0.980,0.991,0.968,0.971,137854400,135471888.00
2020/08/12,0.965,0.981,0.957,0.980,100641800,97534728.00
2020/08/13,0.982,0.984,0.973,0.978,68014900,66533280.00
2020/08/14,0.979,0.996,0.972,0.996,90416000,89115584.00
2020/08/17,1.005,1.022,0.992,1.012,139642400,141093824.00
2020/08/18,1.013,1.015,1.003,1.010,98479400,99183488.00
2020/08/19,1.010,1.010,0.993,0.995,127707700,127901872.00
2020/08/20,0.992,0.993,0.980,0.985,63286000,62454368.00
2020/08/21,0.986,0.995,0.980,0.989,62134700,61431920.00
2020/08/24,0.988,0.996,0.984,0.987,62091500,61475016.00
2020/08/25,0.987,0.997,0.981,0.984,53130400,52450480.00
2020/08/26,0.980,0.987,0.967,0.974,78379500,76763504.00
2020/08/27,0.971,0.974,0.957,0.969,55266600,53232860.00
2020/08/28,0.969,0.982,0.965,0.981,76342900,74501928.00
2020/08/31,0.980,0.993,0.972,0.974,83302200,82072320.00
2020/09/01,0.969,0.974,0.965,0.971,41503600,40189916.00
2020/09/02,0.972,0.973,0.960,0.969,78376600,75670144.00
2020/09/03,0.967,0.973,0.960,0.963,85796800,82891968.00
2020/09/04,0.953,0.966,0.949,0.964,53389500,51229200.00
2020/09/07,0.961,0.982,0.955,0.960,102010800,99202496.00
2020/09/08,0.960,0.970,0.956,0.963,62120800,59866680.00
2020/09/09,0.950,0.964,0.946,0.950,55611000,53217604.00
2020/09/10,0.957,0.978,0.951,0.952,67944700,65725256.00
2020/09/11,0.950,0.954,0.943,0.949,37548500,35605296.00
2020/09/14,0.954,0.955,0.943,0.948,31368600,29689032.00
2020/09/15,0.948,0.956,0.944,0.956,37864800,36010640.00
2020/09/16,0.954,0.968,0.948,0.964,58710100,56210680.00
2020/09/17,0.960,0.964,0.953,0.958,53369500,51171916.00
2020/09/18,0.955,0.985,0.954,0.984,90713600,88235728.00
2020/09/21,0.984,0.988,0.976,0.978,42717900,41921804.00
2020/09/22,0.972,0.980,0.962,0.965,26770200,25976634.00
2020/09/23,0.967,0.970,0.957,0.961,28193600,27117326.00
2020/09/24,0.956,0.958,0.940,0.942,39429200,37303848.00
2020/09/25,0.940,0.947,0.921,0.924,68011000,63346208.00
2020/09/28,0.923,0.933,0.923,0.928,47277800,43897696.00
2020/09/29,0.926,0.932,0.925,0.925,37099300,34439336.00
2020/09/30,0.929,0.932,0.913,0.919,39607474,36506572.00
2020/10/09,0.924,0.931,0.924,0.928,23349300,21678284.00
2020/10/12,0.935,0.954,0.933,0.951,48616200,45866160.00
2020/10/13,0.948,0.950,0.940,0.943,29625700,27929684.00
2020/10/14,0.942,0.942,0.929,0.930,28969700,27028312.00
2020/10/15,0.930,0.934,0.926,0.928,26655100,24797100.00
2020/10/16,0.928,0.932,0.924,0.929,37142100,34493584.00
2020/10/19,0.932,0.948,0.924,0.926,76595000,71607760.00
2020/10/20,0.920,0.926,0.914,0.923,41871800,38428336.00
2020/10/21,0.922,0.923,0.912,0.920,36893500,33827212.00
2020/10/22,0.919,0.920,0.915,0.918,42457900,38939640.00
2020/10/23,0.920,0.922,0.915,0.917,69604200,63961344.00
2020/10/26,0.914,0.918,0.903,0.904,43005100,39104664.00
2020/10/27,0.903,0.905,0.894,0.896,35534200,31922548.00
2020/10/28,0.897,0.898,0.884,0.891,32931500,29272572.00
2020/10/29,0.882,0.891,0.879,0.889,40993900,36261668.00
2020/10/30,0.889,0.900,0.874,0.875,46284500,41033932.00
2020/11/02,0.873,0.879,0.870,0.873,69279800,60466688.00
2020/11/03,0.875,0.887,0.869,0.886,37178000,32743048.00
2020/11/04,0.886,0.886,0.878,0.884,35217363,31079456.00
2020/11/05,0.890,0.906,0.888,0.903,92387637,83077344.00
2020/11/06,0.904,0.908,0.900,0.906,63064863,57007156.00
2020/11/09,0.907,0.917,0.907,0.914,69797668,63682544.00
2020/11/10,0.925,0.925,0.906,0.909,48500300,44415360.00
2020/11/11,0.905,0.924,0.905,0.917,70008300,64177276.00
2020/11/12,0.913,0.917,0.906,0.911,35705300,32531220.00
2020/11/13,0.911,0.911,0.892,0.894,34120668,30557264.00
2020/11/16,0.894,0.906,0.894,0.906,21483400,19337346.00
2020/11/17,0.905,0.925,0.903,0.921,111257000,101919840.00
2020/11/18,0.920,0.936,0.913,0.928,89627400,83034608.00
2020/11/19,0.922,0.932,0.922,0.930,81375800,75470896.00
2020/11/20,0.927,0.928,0.917,0.925,33501611,30893694.00
2020/11/23,0.925,0.933,0.918,0.930,86932200,80517640.00
2020/11/24,0.931,0.932,0.920,0.923,64084000,59305768.00
2020/11/25,0.926,0.931,0.915,0.915,73365200,67821696.00
2020/11/26,0.911,0.915,0.904,0.912,48778800,44359340.00
2020/11/27,0.912,0.932,0.912,0.929,78237900,72408320.00
2020/11/30,0.930,0.951,0.922,0.926,133858395,125675584.00
2020/12/01,0.923,0.930,0.908,0.929,103280900,94939744.00
2020/12/02,0.929,0.946,0.924,0.935,152229300,142647392.00
2020/12/03,0.936,0.936,0.925,0.931,66955600,62260788.00
2020/12/04,0.928,0.929,0.915,0.918,182074600,167371968.00
2020/12/07,0.919,0.919,0.906,0.908,63147100,57533448.00
2020/12/08,0.907,0.909,0.902,0.904,45559289,41224096.00
2020/12/09,0.904,0.905,0.889,0.890,86438100,77533184.00
2020/12/10,0.890,0.892,0.885,0.889,47364500,42068404.00
2020/12/11,0.890,0.892,0.872,0.878,133972800,117554984.00
2020/12/14,0.882,0.887,0.879,0.886,53626500,47332536.00
2020/12/15,0.883,0.886,0.875,0.881,56686100,49800864.00
2020/12/16,0.879,0.880,0.871,0.876,37812800,33089130.00
2020/12/17,0.875,0.882,0.866,0.882,88487300,77356576.00
2020/12/18,0.882,0.884,0.873,0.875,50754900,44565492.00
2020/12/21,0.873,0.876,0.864,0.874,52245759,45477604.00
2020/12/22,0.871,0.875,0.860,0.861,99982000,86728240.00
2020/12/23,0.862,0.863,0.854,0.859,55218400,47389124.00
2020/12/24,0.858,0.862,0.845,0.848,50870800,43310688.00
2020/12/25,0.847,0.852,0.840,0.847,75900800,64244140.00
2020/12/28,0.847,0.848,0.838,0.841,88837600,74912144.00
2020/12/29,0.843,0.852,0.843,0.848,94286343,79951808.00
2020/12/30,0.848,0.848,0.841,0.845,100017600,84354824.00
2020/12/31,0.844,0.859,0.843,0.859,88875000,75695032.00
2021/01/04,0.851,0.853,0.835,0.840,156501200,131483216.00
2021/01/05,0.838,0.838,0.821,0.838,178605900,147901952.00
2021/01/06,0.837,0.841,0.833,0.839,129576400,108485032.00
2021/01/07,0.840,0.845,0.820,0.826,174861300,145167328.00
2021/01/08,0.824,0.836,0.818,0.832,235128086,195111904.00
2021/01/11,0.832,0.841,0.828,0.830,216158757,180381920.00
2021/01/12,0.830,0.834,0.822,0.833,200007214,165359376.00
2021/01/13,0.835,0.837,0.824,0.832,378500300,314112384.00
2021/01/14,0.834,0.849,0.830,0.842,346754940,291145376.00
2021/01/15,0.842,0.854,0.839,0.843,365718403,309949600.00
2021/01/18,0.846,0.858,0.838,0.858,396942663,336273184.00
2021/01/19,0.855,0.889,0.847,0.874,601770228,522005152.00
2021/01/20,0.870,0.870,0.858,0.863,363561230,313455840.00
2021/01/21,0.861,0.863,0.855,0.857,277963471,238643728.00
2021/01/22,0.853,0.856,0.833,0.834,335110300,281787072.00
2021/01/25,0.830,0.836,0.823,0.828,278082914,230100768.00
2021/01/26,0.826,0.835,0.824,0.824,227217590,188358496.00
2021/01/27,0.824,0.830,0.819,0.821,208131036,171522688.00
2021/01/28,0.812,0.818,0.805,0.807,206474165,167182128.00
2021/01/29,0.808,0.811,0.789,0.793,179817000,143617472.00
2021/02/01,0.789,0.799,0.788,0.798,130321200,103458080.00
2021/02/02,0.798,0.806,0.795,0.801,109593200,87769720.00
2021/02/03,0.800,0.801,0.788,0.791,120742567,95597960.00
2021/02/04,0.789,0.790,0.775,0.781,132376900,103507224.00
2021/02/05,0.779,0.801,0.779,0.794,177050195,140166288.00
2021/02/08,0.796,0.801,0.790,0.793,132806000,105691264.00
2021/02/09,0.792,0.796,0.784,0.796,120350100,95116024.00
2021/02/10,0.793,0.799,0.790,0.796,111310900,88498384.00
2021/02/18,0.803,0.817,0.800,0.816,193945801,157117568.00
2021/02/19,0.812,0.834,0.809,0.832,204374774,168341008.00
2021/02/22,0.832,0.850,0.829,0.837,293522699,246813504.00
2021/02/23,0.834,0.843,0.830,0.832,147757575,123347400.00
2021/02/24,0.834,0.849,0.830,0.838,157652001,132525912.00
2021/02/25,0.842,0.909,0.842,0.890,606637083,537981248.00
2021/02/26,0.870,0.881,0.860,0.863,290300983,252514272.00
2021/03/01,0.862,0.878,0.854,0.871,212269900,183825680.00
2021/03/02,0.876,0.890,0.861,0.864,184179005,160922032.00
2021/03/03,0.859,0.876,0.856,0.872,107664039,93291416.00
2021/03/04,0.868,0.881,0.859,0.862,122921300,106980392.00
2021/03/05,0.854,0.863,0.840,0.852,107017600,91125528.00
2021/03/08,0.853,0.863,0.840,0.842,108793600,92561896.00
2021/03/09,0.842,0.846,0.821,0.830,99767800,83203816.00
2021/03/10,0.831,0.833,0.817,0.819,71587000,58945720.00
2021/03/11,0.823,0.834,0.821,0.832,67247700,55665056.00
2021/03/12,0.832,0.855,0.825,0.847,98383200,82754440.00
2021/03/15,0.845,0.851,0.838,0.844,107741400,90942200.00
2021/03/16,0.844,0.870,0.842,0.867,199562900,171115920.00
2021/03/17,0.863,0.873,0.860,0.863,144193900,124722400.00
2021/03/18,0.864,0.870,0.862,0.864,79740300,68985832.00
2021/03/19,0.860,0.860,0.842,0.845,82610000,70336832.00
2021/03/22,0.844,0.858,0.843,0.857,74480900,63436444.00
2021/03/23,0.854,0.857,0.843,0.848,57538400,48803684.00
2021/03/24,0.845,0.845,0.831,0.834,62961000,52618936.00
2021/03/25,0.830,0.836,0.828,0.832,47914200,39860512.00
2021/03/26,0.834,0.838,0.833,0.834,50844200,42478652.00
2021/03/29,0.831,0.841,0.827,0.838,67191300,56098456.00
2021/03/30,0.836,0.845,0.833,0.840,56261038,47184624.00
2021/03/31,0.836,0.839,0.832,0.838,48578100,40606396.00
2021/04/01,0.839,0.841,0.834,0.839,60373800,50525800.00
2021/04/02,0.839,0.845,0.836,0.845,72941800,61328056.00
2021/04/06,0.845,0.847,0.842,0.844,37505600,31657976.00
2021/04/07,0.841,0.853,0.841,0.852,88881000,75419624.00
2021/04/08,0.849,0.850,0.840,0.841,59303700,50024060.00
2021/04/09,0.839,0.842,0.836,0.841,44735563,37540824.00
2021/04/12,0.840,0.847,0.839,0.841,62631400,52819708.00
2021/04/13,0.841,0.844,0.832,0.835,53436200,44740296.00
2021/04/14,0.832,0.843,0.832,0.842,36666529,30793144.00
2021/04/15,0.842,0.845,0.834,0.839,40756500,34170560.00
2021/04/16,0.841,0.857,0.839,0.857,81319800,69242608.00
2021/04/19,0.856,0.856,0.850,0.854,51246971,43696636.00
2021/04/20,0.851,0.854,0.845,0.848,45675200,38809372.00
2021/04/21,0.844,0.850,0.841,0.849,46074200,39047160.00
2021/04/22,0.848,0.858,0.847,0.849,48591000,41432824.00
2021/04/23,0.847,0.848,0.834,0.839,64438737,54011048.00
2021/04/26,0.839,0.841,0.830,0.832,57535100,48074408.00
2021/04/27,0.831,0.834,0.829,0.833,37032700,30783080.00
2021/04/28,0.833,0.837,0.831,0.836,43781600,36548256.00
2021/04/29,0.837,0.843,0.834,0.842,49628700,41728300.00
2021/04/30,0.840,0.842,0.827,0.830,75268200,62599568.00
2021/05/06,0.830,0.834,0.826,0.830,41470200,34424736.00
2021/05/07,0.829,0.829,0.820,0.822,42935200,35410696.00
2021/05/10,0.822,0.822,0.807,0.813,46905000,38062616.00
2021/05/11,0.812,0.825,0.806,0.824,40654400,33203094.00
2021/05/12,0.820,0.822,0.816,0.821,32454700,26584708.00
2021/05/13,0.816,0.828,0.816,0.826,37314399,30719904.00
2021/05/14,0.825,0.836,0.825,0.834,55943000,46531480.00
2021/05/17,0.836,0.840,0.832,0.835,65566400,54800660.00
2021/05/18,0.834,0.844,0.833,0.842,52328188,43944924.00
2021/05/19,0.842,0.843,0.834,0.835,59881200,50195600.00
2021/05/20,0.835,0.835,0.830,0.834,36348500,30258804.00
2021/05/21,0.834,0.835,0.829,0.830,27748700,23088368.00
2021/05/24,0.827,0.837,0.827,0.837,33228900,27712448.00
2021/05/25,0.837,0.845,0.833,0.845,53129300,44642244.00
2021/05/26,0.845,0.862,0.844,0.855,109918300,93809280.00
2021/05/27,0.850,0.858,0.848,0.856,62343300,53312124.00
2021/05/28,0.856,0.863,0.851,0.853,63644400,54410764.00
2021/05/31,0.854,0.855,0.847,0.853,54822900,46667028.00
2021/06/01,0.854,0.856,0.845,0.849,57960000,49220576.00
2021/06/02,0.851,0.856,0.844,0.849,87807217,74750560.00
2021/06/03,0.848,0.862,0.847,0.855,101086200,86314496.00
2021/06/04,0.855,0.857,0.845,0.848,65281500,55488028.00
2021/06/07,0.845,0.845,0.831,0.834,82421400,68747832.00
2021/06/08,0.835,0.843,0.835,0.837,55241900,46314768.00
2021/06/09,0.836,0.838,0.831,0.834,57425300,47872592.00
2021/06/10,0.834,0.834,0.828,0.829,63205300,52531736.00
2021/06/11,0.828,0.830,0.821,0.823,60353100,49774576.00
2021/06/15,0.822,0.823,0.808,0.810,65727400,53427604.00
2021/06/16,0.806,0.816,0.805,0.809,53296600,43133736.00
2021/06/17,0.807,0.813,0.805,0.810,46673300,37772124.00
2021/06/18,0.810,0.811,0.802,0.810,48474444,39092368.00
2021/06/21,0.806,0.808,0.802,0.808,47240400,38035032.00
2021/06/22,0.808,0.810,0.803,0.807,53284500,43014684.00
2021/06/23,0.805,0.811,0.804,0.811,45570100,36773860.00
2021/06/24,0.810,0.812,0.804,0.805,42282600,34124896.00
2021/06/25,0.806,0.811,0.804,0.810,51874000,41915872.00
2021/06/28,0.810,0.811,0.800,0.802,73818100,59393056.00
2021/06/29,0.802,0.804,0.796,0.797,140134800,112014648.00
2021/06/30,0.796,0.800,0.795,0.798,85911100,68452880.00
2021/07/01,0.798,0.821,0.796,0.817,177968744,144148016.00
2021/07/02,0.809,0.811,0.795,0.799,126207365,101226104.00
2021/07/05,0.797,0.800,0.791,0.794,54701200,43456256.00
2021/07/06,0.794,0.810,0.794,0.807,125986635,101153696.00
2021/07/07,0.801,0.808,0.797,0.803,64907900,51990848.00
2021/07/08,0.804,0.804,0.793,0.796,59685762,47512208.00
2021/07/09,0.795,0.801,0.792,0.799,68481600,54561204.00
2021/07/12,0.801,0.804,0.793,0.795,75664999,60332932.00
2021/07/13,0.794,0.802,0.792,0.800,67756300,54092204.00
2021/07/14,0.799,0.799,0.789,0.790,72290700,57261744.00
2021/07/15,0.791,0.791,0.784,0.791,64680800,50964184.00
2021/07/16,0.790,0.793,0.788,0.790,43191901,34144544.00
2021/07/19,0.787,0.787,0.774,0.779,83749500,65120700.00
2021/07/20,0.775,0.776,0.769,0.774,83565800,64557232.00
2021/07/21,0.773,0.777,0.766,0.768,108222200,83304328.00
2021/07/22,0.769,0.776,0.768,0.775,133238000,102680488.00
2021/07/23,0.775,0.776,0.767,0.770,46582300,35910888.00
2021/07/26,0.766,0.766,0.733,0.740,166481000,123896840.00
2021/07/27,0.736,0.739,0.713,0.713,156977800,113837696.00
2021/07/28,0.712,0.715,0.702,0.707,111432000,78943592.00
2021/07/29,0.713,0.715,0.705,0.710,59323800,42093136.00
2021/07/30,0.706,0.712,0.699,0.709,54394100,38429976.00
2021/08/02,0.707,0.723,0.698,0.720,104210000,74243760.00
2021/08/03,0.716,0.722,0.715,0.716,85225200,61226376.00
2021/08/04,0.714,0.717,0.710,0.713,63347200,45125976.00
2021/08/05,0.714,0.738,0.714,0.722,117944800,85862600.00
2021/08/06,0.716,0.723,0.712,0.721,75403700,54069304.00
2021/08/09,0.720,0.754,0.718,0.747,151043000,111827680.00
2021/08/10,0.742,0.751,0.734,0.746,98026000,72462176.00
2021/08/11,0.752,0.785,0.752,0.769,212014000,164597456.00
2021/08/12,0.771,0.774,0.759,0.763,155303100,118730600.00
2021/08/13,0.760,0.765,0.753,0.760,56085400,42606276.00
2021/08/16,0.765,0.776,0.759,0.770,82371300,63415176.00
2021/08/17,0.770,0.781,0.762,0.762,92721300,71547528.00
2021/08/18,0.762,0.776,0.755,0.775,89770700,68955040.00
2021/08/19,0.771,0.772,0.760,0.763,76818200,58674056.00
2021/08/20,0.761,0.767,0.755,0.766,93752504,71394200.00
2021/08/23,0.765,0.768,0.762,0.764,52019200,39743740.00
2021/08/24,0.761,0.771,0.761,0.770,56847300,43591816.00
2021/08/25,0.770,0.772,0.765,0.768,31506900,24218026.00
2021/08/26,0.767,0.772,0.758,0.761,46963500,35898908.00
2021/08/27,0.757,0.760,0.752,0.756,61903000,46783484.00
2021/08/30,0.754,0.754,0.742,0.745,80239900,59971772.00
2021/08/31,0.742,0.765,0.741,0.765,62340500,46982548.00
2021/09/01,0.763,0.789,0.761,0.788,102152100,79684840.00
2021/09/02,0.787,0.801,0.782,0.798,80365000,63836964.00
2021/09/03,0.801,0.808,0.792,0.798,107725800,86347120.00
2021/09/06,0.801,0.801,0.790,0.792,71674189,56879456.00
2021/09/07,0.792,0.799,0.786,0.798,67667000,53637464.00
2021/09/08,0.795,0.801,0.794,0.799,43844900,34947548.00
2021/09/09,0.799,0.802,0.793,0.800,44323700,35347632.00
2021/09/10,0.800,0.812,0.797,0.804,72590700,58487020.00
2021/09/13,0.803,0.820,0.797,0.819,95030506,77383432.00
2021/09/14,0.820,0.824,0.797,0.799,101541797,82135928.00
2021/09/15,0.793,0.799,0.784,0.789,55033000,43525136.00
2021/09/16,0.789,0.793,0.769,0.770,50321700,39182220.00
2021/09/17,0.768,0.779,0.767,0.776,54556800,42120292.00
2021/09/22,0.763,0.794,0.759,0.793,81701703,63989360.00
2021/09/23,0.793,0.823,0.793,0.812,99107000,80498384.00
2021/09/24,0.812,0.817,0.799,0.800,54004996,43526964.00
2021/09/27,0.800,0.803,0.772,0.777,70270766,54993148.00
2021/09/28,0.786,0.807,0.785,0.803,119471443,95781488.00
2021/09/29,0.799,0.806,0.792,0.793,67621934,53983696.00
2021/09/30,0.802,0.812,0.797,0.806,101619100,81752344.00
2021/10/08,0.807,0.813,0.796,0.802,63668700,51021776.00
2021/10/11,0.801,0.817,0.798,0.807,55983100,45254060.00
2021/10/12,0.802,0.824,0.800,0.811,103742500,84464208.00
2021/10/13,0.810,0.812,0.796,0.808,113067400,91103968.00
2021/10/14,0.803,0.804,0.789,0.790,81957800,65025596.00
2021/10/15,0.786,0.794,0.784,0.787,61494000,48516312.00
2021/10/18,0.785,0.787,0.767,0.783,102511300,79541288.00
2021/10/19,0.779,0.782,0.769,0.781,101656000,78813680.00
2021/10/20,0.776,0.777,0.766,0.769,80599000,62043920.00
2021/10/21,0.774,0.787,0.769,0.783,194380915,151889936.00
2021/10/22,0.789,0.816,0.788,0.799,259124700,207918096.00
2021/10/25,0.780,0.794,0.773,0.780,139165500,108569224.00
2021/10/26,0.777,0.784,0.764,0.767,106406067,82101144.00
2021/10/27,0.764,0.767,0.752,0.755,73647500,55735076.00
2021/10/28,0.755,0.756,0.739,0.739,77507500,57777292.00
2021/10/29,0.740,0.745,0.728,0.735,138618200,101379096.00
2021/11/01,0.733,0.737,0.726,0.729,118307992,86260104.00
2021/11/02,0.729,0.732,0.706,0.712,161883000,116084200.00
2021/11/03,0.713,0.724,0.711,0.722,202289000,145905248.00
2021/11/04,0.723,0.723,0.712,0.718,133642500,95810736.00
2021/11/05,0.714,0.718,0.704,0.706,173196400,122584728.00
2021/11/08,0.707,0.714,0.704,0.712,163771800,116553408.00
2021/11/09,0.710,0.716,0.710,0.716,95910599,68418200.00
2021/11/10,0.716,0.735,0.706,0.732,295847539,213480592.00
2021/11/11,0.732,0.781,0.732,0.780,389875366,296781760.00
2021/11/12,0.773,0.773,0.755,0.765,239014833,182863280.00
2021/11/15,0.765,0.766,0.753,0.763,116937433,88721792.00
2021/11/16,0.761,0.767,0.754,0.757,127916400,97250600.00
2021/11/17,0.758,0.760,0.749,0.758,95760600,72155744.00
2021/11/18,0.756,0.758,0.744,0.747,87564200,65652144.00
2021/11/19,0.744,0.775,0.742,0.771,234175183,178346560.00
2021/11/22,0.770,0.770,0.753,0.759,130080039,98655528.00
2021/11/23,0.759,0.769,0.757,0.764,161700680,123421856.00
2021/11/24,0.761,0.777,0.760,0.769,115825000,89265816.00
2021/11/25,0.770,0.776,0.765,0.767,73373000,56372288.00
2021/11/26,0.766,0.767,0.758,0.761,53426100,40630212.00
2021/11/29,0.752,0.755,0.749,0.753,53128000,39955368.00
2021/11/30,0.754,0.758,0.745,0.751,69309100,52061472.00
2021/12/01,0.748,0.763,0.748,0.759,104676200,79345328.00
2021/12/02,0.756,0.766,0.752,0.762,100811600,76703256.00
2021/12/03,0.763,0.773,0.758,0.771,95230100,73031544.00
2021/12/06,0.783,0.794,0.771,0.771,142262400,111203888.00
2021/12/07,0.786,0.794,0.778,0.791,220251600,173025184.00
2021/12/08,0.785,0.785,0.770,0.783,153625600,119316744.00
2021/12/09,0.780,0.799,0.778,0.797,208126300,164654912.00
2021/12/10,0.791,0.794,0.785,0.788,129373100,102090608.00
2021/12/13,0.788,0.793,0.780,0.784,100294500,78792136.00
2021/12/14,0.786,0.787,0.771,0.774,143364993,110939248.00
2021/12/15,0.774,0.785,0.772,0.779,131098368,102379560.00
2021/12/16,0.776,0.787,0.774,0.785,88652400,69377640.00
2021/12/17,0.785,0.793,0.780,0.784,115270440,90615624.00
2021/12/20,0.786,0.800,0.784,0.790,177049000,140481888.00
2021/12/21,0.792,0.831,0.790,0.829,332923029,272446560.00
2021/12/22,0.829,0.835,0.812,0.819,239429800,196339136.00
2021/12/23,0.811,0.816,0.799,0.805,162556500,130671000.00
2021/12/24,0.804,0.804,0.788,0.793,183170500,145508080.00
2021/12/27,0.795,0.810,0.795,0.799,157873300,126711152.00
2021/12/28,0.793,0.798,0.787,0.797,139370800,110321448.00
2021/12/29,0.794,0.798,0.791,0.793,76483900,60743244.00
2021/12/30,0.791,0.796,0.789,0.793,128946205,102239168.00
2021/12/31,0.795,0.811,0.792,0.804,154520700,124011888.00
2022/01/04,0.799,0.817,0.793,0.816,179694595,145169088.00
2022/01/05,0.813,0.832,0.813,0.819,305071100,250740288.00
2022/01/06,0.818,0.832,0.814,0.820,151815000,124852576.00
2022/01/07,0.823,0.847,0.821,0.835,194001800,162638960.00
2022/01/10,0.834,0.850,0.829,0.847,212814400,178487968.00
2022/01/11,0.845,0.867,0.841,0.848,233333500,199172512.00
2022/01/12,0.842,0.845,0.829,0.843,177552900,148559712.00
2022/01/13,0.844,0.853,0.830,0.832,172391700,145121312.00
2022/01/14,0.828,0.828,0.807,0.811,148713900,121145456.00
2022/01/17,0.807,0.824,0.807,0.821,112401490,92119448.00
2022/01/18,0.820,0.844,0.816,0.833,166895799,138820432.00
2022/01/19,0.836,0.849,0.831,0.838,173430299,145702016.00
2022/01/20,0.842,0.855,0.831,0.833,373248300,315166432.00
2022/01/21,0.828,0.836,0.820,0.826,259207606,214470112.00
2022/01/24,0.822,0.844,0.813,0.837,142461200,118453664.00
2022/01/25,0.833,0.833,0.803,0.804,249865200,203558592.00
2022/01/26,0.806,0.813,0.799,0.808,156655900,126221776.00
2022/01/27,0.803,0.809,0.793,0.794,172513700,138061680.00
2022/01/28,0.796,0.803,0.788,0.792,115211800,91471088.00
2022/02/07,0.790,0.807,0.784,0.807,146895600,116724816.00
2022/02/08,0.800,0.817,0.799,0.815,143606251,115881776.00
2022/02/09,0.811,0.830,0.810,0.815,149454700,122689200.00
2022/02/10,0.809,0.828,0.798,0.823,159518000,130511760.00
2022/02/11,0.829,0.841,0.821,0.823,183017700,152067776.00
2022/02/14,0.815,0.815,0.797,0.803,187570500,150745136.00
2022/02/15,0.798,0.801,0.786,0.794,138022500,109437528.00
2022/02/16,0.794,0.805,0.790,0.800,119695300,95553696.00
2022/02/17,0.800,0.801,0.788,0.791,96040600,76074464.00
2022/02/18,0.787,0.818,0.787,0.817,195605819,157711392.00
2022/02/21,0.814,0.828,0.807,0.826,227963784,186092592.00
2022/02/22,0.820,0.833,0.816,0.820,171643139,141468928.00
2022/02/23,0.819,0.822,0.808,0.813,140299700,114091392.00
2022/02/24,0.808,0.815,0.786,0.796,207511900,166332960.00
2022/02/25,0.797,0.805,0.788,0.793,102519599,81484344.00
2022/02/28,0.791,0.791,0.776,0.784,321691039,251172432.00
2022/03/01,0.781,0.795,0.781,0.795,116549039,91930664.00
2022/03/02,0.797,0.810,0.793,0.800,188470139,150903520.00
2022/03/03,0.802,0.816,0.800,0.816,149597100,121541048.00
2022/03/04,0.813,0.813,0.796,0.804,254406265,204502992.00
2022/03/07,0.803,0.815,0.801,0.804,186889239,151101696.00
2022/03/08,0.804,0.804,0.776,0.777,135948600,107127544.00
2022/03/09,0.778,0.783,0.726,0.751,238933770,181494272.00
2022/03/10,0.760,0.770,0.751,0.760,120173699,91550296.00
2022/03/11,0.751,0.767,0.740,0.766,110675099,83435992.00
2022/03/14,0.754,0.776,0.750,0.754,109705079,83826216.00
2022/03/15,0.745,0.745,0.687,0.689,149548770,107311552.00
2022/03/16,0.705,0.721,0.680,0.716,165157500,115030168.00
2022/03/17,0.751,0.780,0.740,0.749,203319000,152188912.00
2022/03/18,0.737,0.790,0.712,0.787,258865800,198178992.00
2022/03/21,0.780,0.785,0.765,0.780,225708700,175258336.00
2022/03/22,0.775,0.818,0.764,0.811,329692356,262878272.00
2022/03/23,0.806,0.839,0.798,0.827,285814390,233566752.00
2022/03/24,0.813,0.828,0.809,0.812,203682425,166917216.00
2022/03/25,0.807,0.830,0.799,0.814,270259236,220696272.00
2022/03/28,0.810,0.841,0.804,0.833,256188436,212005456.00
2022/03/29,0.824,0.833,0.810,0.815,383877700,314412896.00
2022/03/30,0.815,0.875,0.815,0.864,389492900,331131648.00
2022/03/31,0.860,0.897,0.857,0.873,464468764,406238880.00
2022/04/01,0.861,0.905,0.858,0.899,393314300,344418656.00
2022/04/06,0.914,0.940,0.897,0.927,396116600,364048736.00
2022/04/07,0.909,0.923,0.888,0.891,436983796,393868992.00
2022/04/08,0.883,0.925,0.870,0.913,540380948,483220096.00
2022/04/11,0.897,0.905,0.874,0.880,537714300,476660128.00
2022/04/12,0.869,0.888,0.854,0.858,421095041,366626464.00
2022/04/13,0.845,0.868,0.831,0.847,423600158,359389440.00
2022/04/14,0.849,0.891,0.845,0.880,547426894,474738336.00
2022/04/15,0.866,0.908,0.866,0.880,571201000,508540640.00
2022/04/18,0.864,0.885,0.847,0.851,387930900,335537152.00
2022/04/19,0.840,0.862,0.828,0.854,457736562,387264736.00
2022/04/20,0.851,0.854,0.806,0.813,458113755,377899264.00
2022/04/21,0.804,0.815,0.787,0.792,519023802,416988832.00
2022/04/22,0.781,0.805,0.772,0.796,393976002,313013728.00
2022/04/25,0.784,0.803,0.750,0.752,405331650,316005088.00
2022/04/26,0.755,0.778,0.749,0.753,332443450,252692736.00
2022/04/27,0.748,0.757,0.721,0.742,503633700,371170944.00
2022/04/28,0.735,0.770,0.735,0.763,665504725,500950016.00
2022/04/29,0.765,0.796,0.756,0.794,628417803,488342048.00
2022/05/05,0.798,0.802,0.769,0.786,635056966,497456672.00
2022/05/06,0.765,0.769,0.739,0.745,612723747,462579392.00
2022/05/09,0.738,0.763,0.738,0.754,305997781,230591568.00
2022/05/10,0.743,0.766,0.733,0.760,387489000,290562144.00
2022/05/11,0.757,0.769,0.750,0.756,336105300,254962784.00
2022/05/12,0.748,0.756,0.730,0.741,423358400,314145824.00
2022/05/13,0.741,0.780,0.738,0.779,510612605,387772320.00
2022/05/16,0.805,0.806,0.773,0.790,534506608,420411776.00
2022/05/17,0.783,0.788,0.766,0.778,371093599,288075520.00
2022/05/18,0.776,0.782,0.764,0.772,270985300,209305936.00
2022/05/19,0.760,0.791,0.758,0.791,435632499,340441856.00
2022/05/20,0.792,0.799,0.775,0.781,740219300,579474752.00
2022/05/23,0.778,0.781,0.762,0.766,551348100,424187680.00
2022/05/24,0.765,0.767,0.745,0.746,599383700,453569664.00
2022/05/25,0.746,0.754,0.738,0.752,340665213,254715760.00
2022/05/26,0.751,0.766,0.750,0.759,376835100,285705280.00
2022/05/27,0.759,0.761,0.750,0.755,332322263,250752736.00
2022/05/30,0.754,0.760,0.743,0.748,360898864,270673504.00
2022/05/31,0.746,0.749,0.737,0.748,497818153,370695680.00
2022/06/01,0.747,0.755,0.741,0.750,494508787,370171232.00
2022/06/02,0.747,0.749,0.737,0.739,517349555,383274944.00
2022/06/06,0.736,0.739,0.719,0.735,729902674,529703808.00
2022/06/07,0.731,0.744,0.730,0.744,495064789,365152736.00
2022/06/08,0.741,0.743,0.727,0.736,566177583,416536640.00
2022/06/09,0.732,0.747,0.732,0.738,544072100,403547712.00
2022/06/10,0.733,0.741,0.731,0.739,422234900,311015392.00
2022/06/13,0.733,0.735,0.715,0.718,508227400,367300384.00
2022/06/14,0.712,0.730,0.712,0.729,601996583,434394624.00
2022/06/15,0.730,0.761,0.727,0.750,977023300,731641216.00
2022/06/16,0.751,0.756,0.740,0.744,600812297,448825856.00
2022/06/17,0.740,0.745,0.731,0.740,351678000,259632272.00
2022/06/20,0.741,0.758,0.740,0.755,633089002,476319456.00
2022/06/21,0.755,0.774,0.752,0.757,622429868,475524416.00
2022/06/22,0.758,0.761,0.744,0.745,370279200,278162240.00
2022/06/23,0.744,0.760,0.739,0.759,418641300,314233920.00
2022/06/24,0.759,0.760,0.747,0.752,618359900,464738688.00
2022/06/27,0.753,0.761,0.748,0.756,734881120,554546496.00
2022/06/28,0.752,0.756,0.746,0.751,651621600,488385600.00
2022/06/29,0.750,0.783,0.750,0.775,1009226720,778951232.00
2022/06/30,0.777,0.791,0.769,0.783,1112523461,867140480.00
2022/07/01,0.783,0.792,0.778,0.778,480216514,376700672.00
2022/07/04,0.776,0.780,0.767,0.775,559536943,432004896.00
2022/07/05,0.773,0.776,0.758,0.766,635142780,486986208.00
2022/07/06,0.760,0.766,0.743,0.750,790088276,594663744.00
2022/07/07,0.749,0.759,0.747,0.750,467676674,351502976.00
2022/07/08,0.750,0.759,0.746,0.752,429413629,323134464.00
2022/07/11,0.748,0.753,0.737,0.741,448397356,333200672.00
2022/07/12,0.740,0.751,0.738,0.745,323896904,241228960.00
2022/07/13,0.744,0.764,0.744,0.751,492810267,371759456.00
2022/07/14,0.745,0.748,0.733,0.740,578301853,427974464.00
2022/07/15,0.736,0.737,0.705,0.707,841639748,601778624.00
2022/07/18,0.704,0.729,0.703,0.727,586810248,422655360.00
2022/07/19,0.723,0.731,0.720,0.730,275457200,200239632.00
2022/07/20,0.730,0.735,0.728,0.731,203585053,148796032.00
2022/07/21,0.727,0.730,0.718,0.722,400944684,289551136.00
2022/07/22,0.723,0.726,0.712,0.719,325185458,233820512.00
2022/07/25,0.719,0.735,0.718,0.725,387253982,281831968.00
2022/07/26,0.726,0.757,0.724,0.755,529795401,395163008.00
2022/07/27,0.752,0.756,0.743,0.752,536691984,403409664.00
2022/07/28,0.751,0.765,0.747,0.755,417092302,314557600.00
2022/07/29,0.753,0.754,0.740,0.741,531874296,396034272.00
2022/08/01,0.740,0.742,0.728,0.735,382116345,280763392.00
2022/08/02,0.730,0.769,0.704,0.712,475980582,340154016.00
2022/08/03,0.712,0.720,0.694,0.696,360355900,254565472.00
2022/08/04,0.698,0.704,0.691,0.701,294512500,205598912.00
2022/08/05,0.702,0.713,0.700,0.713,419572000,297027904.00
2022/08/08,0.715,0.730,0.711,0.716,279349000,200520208.00
2022/08/09,0.714,0.721,0.706,0.713,268091300,191100624.00
2022/08/10,0.712,0.716,0.706,0.709,222543900,157959216.00
2022/08/11,0.711,0.720,0.711,0.720,235336700,168614016.00
2022/08/12,0.718,0.728,0.714,0.723,273591000,197635872.00
2022/08/15,0.723,0.732,0.719,0.722,252900200,183188336.00
2022/08/16,0.724,0.737,0.724,0.734,296393000,216677840.00
2022/08/17,0.732,0.750,0.728,0.744,279329200,206784480.00
2022/08/18,0.741,0.743,0.731,0.736,199156486,146549904.00
2022/08/19,0.736,0.755,0.734,0.744,421028840,313976288.00
2022/08/22,0.745,0.754,0.738,0.750,256449900,191714608.00
2022/08/23,0.749,0.752,0.739,0.744,200819400,149276368.00
2022/08/24,0.742,0.744,0.728,0.731,297147100,218959360.00
2022/08/25,0.735,0.742,0.729,0.739,360288800,265476224.00
2022/08/26,0.738,0.741,0.731,0.733,254206871,186902288.00
2022/08/29,0.727,0.734,0.720,0.734,173659200,125996408.00
2022/08/30,0.732,0.743,0.731,0.740,256881489,189844480.00
2022/08/31,0.741,0.752,0.738,0.738,230440970,171555600.00
2022/09/01,0.737,0.762,0.736,0.748,326555272,245373472.00
2022/09/02,0.746,0.748,0.739,0.746,140023100,103957256.00
2022/09/05,0.744,0.758,0.740,0.757,353851800,264807056.00
2022/09/06,0.755,0.776,0.753,0.772,531491466,408724608.00
2022/09/07,0.769,0.778,0.762,0.772,304764068,235405216.00
2022/09/08,0.773,0.779,0.764,0.772,222599866,171569712.00
2022/09/09,0.770,0.800,0.770,0.798,604643489,479125216.00
2022/09/13,0.793,0.798,0.776,0.780,410488048,322296128.00
2022/09/14,0.772,0.792,0.771,0.779,461071999,360567584.00
2022/09/15,0.781,0.802,0.779,0.796,621560201,492955136.00
2022/09/16,0.789,0.795,0.763,0.765,334713974,260421136.00
2022/09/19,0.759,0.768,0.749,0.766,338032200,257629808.00
2022/09/20,0.763,0.776,0.750,0.754,295210343,224521088.00
2022/09/21,0.750,0.771,0.741,0.764,487238127,370483424.00
2022/09/22,0.759,0.765,0.747,0.752,214032800,161125152.00
2022/09/23,0.746,0.768,0.744,0.745,399868441,301705376.00
2022/09/26,0.746,0.759,0.735,0.736,250907796,187348624.00
2022/09/27,0.737,0.747,0.724,0.746,218629700,160516224.00
2022/09/28,0.740,0.742,0.726,0.727,256687000,188730512.00
2022/09/29,0.732,0.732,0.709,0.714,237354600,170987760.00
2022/09/30,0.720,0.735,0.711,0.722,405739299,293133184.00
2022/10/10,0.724,0.745,0.723,0.724,401449300,293642176.00
2022/10/11,0.723,0.726,0.706,0.710,329753100,234522944.00
2022/10/12,0.708,0.725,0.702,0.722,396206399,282719904.00
2022/10/13,0.717,0.717,0.699,0.713,271110900,191253264.00
2022/10/14,0.711,0.728,0.711,0.716,399665100,286465888.00
2022/10/17,0.713,0.717,0.692,0.716,416162300,293523840.00
2022/10/18,0.716,0.719,0.702,0.707,379701396,269479200.00
2022/10/19,0.706,0.713,0.702,0.703,301162796,212597504.00
2022/10/20,0.698,0.703,0.693,0.699,356298214,248317840.00
2022/10/21,0.704,0.708,0.696,0.698,348900976,245228256.00
2022/10/24,0.695,0.696,0.670,0.672,342820711,233704784.00
2022/10/25,0.670,0.674,0.660,0.665,251593670,167425760.00
2022/10/26,0.667,0.670,0.654,0.662,348167218,229872320.00
2022/10/27,0.662,0.671,0.659,0.666,249827919,166294272.00
2022/10/28,0.662,0.666,0.639,0.641,262511926,171163200.00
2022/10/31,0.633,0.633,0.615,0.622,353610441,220666544.00
2022/11/01,0.622,0.637,0.615,0.635,429397880,267264224.00
2022/11/02,0.628,0.646,0.626,0.642,317719600,202520768.00
2022/11/03,0.635,0.644,0.632,0.636,184743800,117874848.00
2022/11/04,0.637,0.655,0.635,0.654,251181000,162584496.00
2022/11/07,0.649,0.662,0.647,0.658,285034941,186541024.00
2022/11/08,0.660,0.668,0.655,0.661,183920824,121687496.00
2022/11/09,0.666,0.686,0.666,0.674,236666671,160320784.00
2022/11/10,0.668,0.677,0.660,0.672,185017700,123819552.00
2022/11/11,0.686,0.737,0.686,0.724,797928262,566717504.00
2022/11/14,0.750,0.750,0.718,0.727,1090499395,798938560.00
2022/11/15,0.722,0.745,0.720,0.734,479126820,350600544.00
2022/11/16,0.730,0.734,0.715,0.722,375074265,271174752.00
2022/11/17,0.718,0.728,0.712,0.723,309154102,223178944.00
2022/11/18,0.723,0.729,0.715,0.717,605001422,437276032.00
2022/11/21,0.716,0.716,0.696,0.713,265651504,186973584.00
2022/11/22,0.719,0.726,0.703,0.706,198808436,141655808.00
2022/11/23,0.703,0.710,0.700,0.706,188681071,132972472.00
2022/11/24,0.720,0.727,0.710,0.718,283136427,203277568.00
2022/11/25,0.722,0.752,0.721,0.751,476950494,353870944.00
2022/11/28,0.731,0.752,0.726,0.751,439368594,325043776.00
2022/11/29,0.794,0.826,0.768,0.826,1273150101,1018080832.00
2022/11/30,0.808,0.826,0.788,0.796,810076476,654071424.00
2022/12/01,0.790,0.804,0.783,0.793,478490969,380098656.00
2022/12/02,0.781,0.784,0.762,0.774,563591500,434189024.00
2022/12/05,0.777,0.792,0.777,0.779,458847656,360018592.00
2022/12/06,0.773,0.782,0.768,0.780,299913310,232700032.00
2022/12/07,0.773,0.775,0.756,0.764,451349800,345564480.00
2022/12/08,0.762,0.782,0.760,0.777,376865429,291410400.00
2022/12/09,0.778,0.802,0.778,0.795,339599174,268855584.00
2022/12/12,0.785,0.785,0.766,0.767,264697134,205200320.00
2022/12/13,0.764,0.778,0.759,0.774,236129342,181852336.00
2022/12/14,0.771,0.772,0.761,0.765,510661026,390733344.00
2022/12/15,0.763,0.779,0.749,0.777,293712300,222926144.00
2022/12/16,0.771,0.787,0.765,0.777,286129624,222358576.00
2022/12/19,0.780,0.794,0.762,0.775,275829124,213867664.00
2022/12/20,0.761,0.761,0.742,0.742,292217855,218984048.00
2022/12/21,0.739,0.750,0.735,0.740,197253114,146680416.00
2022/12/22,0.748,0.754,0.734,0.737,217860000,162076736.00
2022/12/23,0.737,0.743,0.732,0.734,155423400,114602048.00
2022/12/26,0.731,0.734,0.723,0.726,190600400,138734496.00
2022/12/27,0.729,0.741,0.726,0.732,173952050,127616496.00
2022/12/28,0.728,0.738,0.723,0.734,201166962,147077472.00
2022/12/29,0.727,0.729,0.713,0.716,211382004,152100928.00
2022/12/30,0.716,0.720,0.710,0.720,180291986,128940216.00
2023/01/03,0.715,0.731,0.715,0.726,337677486,244616048.00
2023/01/04,0.724,0.759,0.721,0.755,422653052,315582112.00
2023/01/05,0.750,0.757,0.743,0.756,388606409,291840480.00
2023/01/06,0.761,0.765,0.743,0.744,342637887,256760768.00
2023/01/09,0.745,0.748,0.736,0.738,304997241,225965632.00
2023/01/10,0.739,0.739,0.731,0.737,245430400,180603184.00
2023/01/11,0.738,0.753,0.736,0.742,334844414,249307440.00
2023/01/12,0.742,0.742,0.724,0.728,315083443,229997952.00
2023/01/13,0.727,0.734,0.723,0.734,342759508,249632144.00
2023/01/16,0.730,0.737,0.725,0.736,455310314,333623904.00
2023/01/17,0.736,0.738,0.728,0.734,478384300,351081696.00
2023/01/18,0.737,0.740,0.728,0.729,356346600,260715712.00
2023/01/19,0.728,0.735,0.722,0.734,242665669,176551376.00
2023/01/20,0.733,0.739,0.730,0.737,399365435,293512640.00
2023/01/30,0.744,0.749,0.731,0.732,523286772,385937376.00
2023/01/31,0.731,0.746,0.725,0.746,465134364,343219488.00
2023/02/01,0.743,0.745,0.733,0.742,681812700,503068800.00
2023/02/02,0.742,0.749,0.735,0.744,557185200,413160000.00
2023/02/03,0.742,0.745,0.729,0.734,375160233,275546112.00
2023/02/06,0.727,0.731,0.719,0.721,583023252,421636768.00
2023/02/07,0.721,0.735,0.721,0.732,450548153,329258336.00
2023/02/08,0.730,0.740,0.730,0.731,272499688,200472768.00
2023/02/09,0.730,0.740,0.729,0.738,258013762,189975744.00
2023/02/10,0.737,0.748,0.734,0.744,309030967,229237296.00
2023/02/13,0.741,0.748,0.736,0.746,341285200,253168368.00
2023/02/14,0.747,0.754,0.741,0.746,265053510,198220784.00
2023/02/15,0.745,0.746,0.732,0.732,424837482,312425952.00
2023/02/16,0.733,0.743,0.719,0.724,406096322,298871392.00
2023/02/17,0.724,0.731,0.721,0.722,240580367,174548128.00
2023/02/20,0.723,0.734,0.719,0.733,264613100,192284288.00
2023/02/21,0.742,0.746,0.731,0.739,398235293,294764480.00
2023/02/22,0.732,0.736,0.730,0.733,187400700,137402992.00
2023/02/23,0.734,0.742,0.732,0.737,281066600,207216800.00
2023/02/24,0.737,0.737,0.723,0.728,220165200,160261616.00
2023/02/27,0.727,0.734,0.726,0.727,227178800,165756272.00
2023/02/28,0.727,0.733,0.722,0.733,209508400,152005440.00
2023/03/01,0.730,0.739,0.729,0.738,248073346,182070960.00
2023/03/02,0.735,0.737,0.731,0.732,153652158,112707720.00
2023/03/03,0.733,0.735,0.728,0.735,170088110,124541832.00
2023/03/06,0.732,0.735,0.721,0.724,289609045,209883104.00
2023/03/07,0.723,0.725,0.708,0.709,319331300,228586848.00
2023/03/08,0.707,0.712,0.705,0.712,162586500,115192168.00
2023/03/09,0.712,0.714,0.708,0.711,135217300,96140320.00
2023/03/10,0.706,0.707,0.696,0.699,232145357,162472160.00
2023/03/13,0.697,0.701,0.690,0.695,171552600,119072568.00
2023/03/14,0.693,0.698,0.682,0.690,198086500,136992752.00
2023/03/15,0.692,0.701,0.691,0.699,193141652,134587408.00
2023/03/16,0.697,0.701,0.691,0.693,112846600,78583968.00
2023/03/17,0.696,0.703,0.693,0.700,288843000,201888704.00
2023/03/20,0.702,0.706,0.692,0.692,170283190,118876840.00
2023/03/21,0.692,0.697,0.689,0.695,119411300,82679848.00
2023/03/22,0.694,0.701,0.693,0.701,174110700,121554112.00
2023/03/23,0.698,0.701,0.693,0.699,211114300,146987104.00
2023/03/24,0.697,0.704,0.691,0.700,266247678,185510560.00
2023/03/27,0.697,0.697,0.685,0.688,212969700,146855248.00
2023/03/28,0.687,0.691,0.679,0.680,256514700,175375712.00
2023/03/29,0.679,0.685,0.675,0.678,255351500,173352384.00
2023/03/30,0.678,0.681,0.670,0.681,278528210,188374960.00
2023/03/31,0.680,0.684,0.676,0.678,219132914,148992688.00
2023/04/03,0.679,0.695,0.677,0.692,375511814,259086224.00
2023/04/04,0.693,0.695,0.686,0.688,178836400,123319704.00
2023/04/06,0.688,0.692,0.683,0.686,247488900,169881312.00
2023/04/07,0.686,0.720,0.686,0.711,589087239,416397824.00
2023/04/10,0.707,0.710,0.703,0.705,396039300,279703520.00
2023/04/11,0.705,0.714,0.698,0.713,538750100,382162432.00
2023/04/12,0.713,0.718,0.705,0.712,361406410,257077632.00
2023/04/13,0.710,0.714,0.706,0.711,238792200,169586224.00
2023/04/14,0.712,0.714,0.706,0.709,281917600,199826112.00
2023/04/17,0.709,0.709,0.701,0.708,327351400,230603776.00
2023/04/18,0.709,0.711,0.701,0.703,369969040,261031024.00
2023/04/19,0.700,0.701,0.687,0.689,350903100,243187440.00
2023/04/20,0.686,0.689,0.679,0.683,252686627,172435920.00
2023/04/21,0.684,0.692,0.670,0.671,475825600,324313120.00
2023/04/24,0.670,0.672,0.655,0.661,525870638,347905088.00
2023/04/25,0.662,0.662,0.645,0.652,358632546,233553264.00
2023/04/26,0.647,0.653,0.641,0.650,266463100,172850416.00
2023/04/27,0.650,0.655,0.645,0.652,311761300,202923168.00
2023/04/28,0.652,0.659,0.650,0.659,238528200,155992832.00
2023/05/04,0.653,0.659,0.650,0.655,264775100,173236288.00
2023/05/05,0.653,0.675,0.652,0.675,448350100,298653952.00
2023/05/08,0.667,0.674,0.655,0.673,371502324,246504848.00
2023/05/09,0.668,0.688,0.666,0.671,555529257,376864160.00
2023/05/10,0.669,0.674,0.660,0.665,193838702,129132808.00
2023/05/11,0.665,0.670,0.663,0.665,243444700,162116144.00
2023/05/12,0.664,0.672,0.659,0.660,184700000,122575728.00
2023/05/15,0.657,0.660,0.646,0.658,293800425,191591808.00
2023/05/16,0.658,0.659,0.649,0.651,157101400,102660688.00
2023/05/17,0.650,0.654,0.645,0.649,229832799,149084912.00
2023/05/18,0.650,0.652,0.642,0.644,186550899,120516520.00
2023/05/19,0.641,0.643,0.633,0.635,382021357,242937168.00
2023/05/22,0.633,0.636,0.627,0.634,232973300,146814640.00
2023/05/23,0.632,0.636,0.626,0.627,274039563,172968688.00
2023/05/24,0.625,0.627,0.610,0.610,377800910,232652464.00
2023/05/25,0.607,0.611,0.602,0.611,339578900,206193504.00
2023/05/26,0.608,0.615,0.601,0.613,358697200,218153728.00
2023/05/29,0.611,0.614,0.605,0.606,218579200,133031200.00
2023/05/30,0.606,0.617,0.594,0.616,495366500,299199168.00
2023/05/31,0.612,0.620,0.608,0.611,227885000,139628384.00
2023/06/01,0.610,0.611,0.602,0.607,213380900,129490760.00
2023/06/02,0.608,0.632,0.608,0.632,502528610,312990880.00
2023/06/05,0.622,0.628,0.618,0.626,307851320,191897760.00
2023/06/06,0.623,0.640,0.622,0.626,401587482,253808592.00
2023/06/07,0.625,0.643,0.625,0.634,351277378,222849888.00
2023/06/08,0.631,0.649,0.627,0.644,538670564,345649280.00
2023/06/09,0.644,0.646,0.636,0.641,266781700,170686256.00
2023/06/12,0.637,0.644,0.631,0.637,225359400,143726304.00
2023/06/13,0.636,0.647,0.636,0.636,381512140,244585136.00
2023/06/14,0.639,0.643,0.630,0.632,391441537,248715248.00
2023/06/15,0.632,0.641,0.631,0.640,268708780,171010496.00
2023/06/16,0.641,0.645,0.637,0.641,260799580,167070768.00
2023/06/19,0.641,0.641,0.625,0.626,459355648,288912992.00
2023/06/20,0.625,0.626,0.613,0.614,373396732,230805280.00
2023/06/21,0.612,0.618,0.607,0.607,255321900,156481040.00
2023/06/26,0.603,0.605,0.593,0.597,275053738,164555248.00
2023/06/27,0.596,0.622,0.595,0.621,482868850,295699968.00
2023/06/28,0.618,0.620,0.611,0.617,278906100,171586784.00
2023/06/29,0.616,0.618,0.607,0.607,204003000,124575784.00
2023/06/30,0.609,0.620,0.608,0.613,184844300,113629056.00
2023/07/03,0.612,0.620,0.612,0.617,262952500,162316640.00
2023/07/04,0.616,0.616,0.606,0.611,235463009,143558368.00
2023/07/05,0.609,0.616,0.607,0.611,146982500,89867992.00
2023/07/06,0.609,0.619,0.605,0.616,269173600,164769312.00
2023/07/07,0.612,0.620,0.610,0.614,198431420,122020320.00
2023/07/10,0.614,0.614,0.609,0.611,175549200,107258704.00
2023/07/11,0.617,0.621,0.609,0.611,225433378,138319632.00
2023/07/12,0.611,0.611,0.598,0.598,356051100,214451968.00
2023/07/13,0.600,0.604,0.599,0.604,249297093,149945952.00
2023/07/14,0.602,0.606,0.598,0.601,250768000,150848160.00
2023/07/17,0.600,0.601,0.594,0.599,190358450,113584128.00
2023/07/18,0.598,0.607,0.595,0.603,275331800,165555264.00
2023/07/19,0.601,0.614,0.600,0.614,486377907,296458560.00
2023/07/20,0.611,0.621,0.610,0.613,500626500,308121472.00
2023/07/21,0.614,0.626,0.611,0.624,392396568,243792336.00
2023/07/24,0.628,0.629,0.611,0.619,396866700,245592064.00
2023/07/25,0.631,0.660,0.627,0.660,821699507,533271168.00
2023/07/26,0.658,0.675,0.656,0.669,832325535,555230720.00
2023/07/27,0.663,0.678,0.651,0.666,580971245,387868608.00
2023/07/28,0.667,0.691,0.664,0.688,930163627,632273664.00
2023/07/31,0.693,0.714,0.693,0.705,694880125,490291232.00
2023/08/01,0.701,0.712,0.691,0.696,430270600,301986880.00
2023/08/02,0.695,0.715,0.694,0.705,541416738,381996064.00
2023/08/03,0.703,0.718,0.690,0.718,601143330,424753216.00
2023/08/04,0.729,0.735,0.707,0.711,803662268,575977728.00
2023/08/07,0.697,0.701,0.682,0.689,697726440,480341504.00
2023/08/08,0.683,0.690,0.673,0.675,527467964,358172544.00
2023/08/09,0.673,0.687,0.671,0.676,450313004,305526752.00
2023/08/10,0.675,0.685,0.672,0.679,305858800,207094272.00
2023/08/11,0.684,0.692,0.670,0.677,505955900,343804128.00
2023/08/14,0.660,0.671,0.651,0.666,427061245,282358016.00
2023/08/15,0.664,0.670,0.656,0.664,476785000,315650304.00
2023/08/16,0.659,0.688,0.658,0.677,479144914,322654976.00
2023/08/17,0.671,0.680,0.667,0.676,318976833,214627760.00
2023/08/18,0.674,0.684,0.660,0.660,472028700,317278080.00
2023/08/21,0.658,0.663,0.647,0.648,307503417,201610256.00
2023/08/22,0.648,0.655,0.642,0.652,210572852,136555920.00
2023/08/23,0.651,0.651,0.637,0.639,221033200,142347200.00
2023/08/24,0.637,0.642,0.627,0.633,407005000,257956336.00
2023/08/25,0.631,0.655,0.631,0.642,881289161,566580544.00
2023/08/28,0.703,0.704,0.666,0.672,1142366761,778077440.00
2023/08/29,0.666,0.699,0.664,0.697,827563952,562737280.00
2023/08/30,0.689,0.696,0.683,0.688,978862116,674645696.00
2023/08/31,0.686,0.689,0.650,0.651,1184936146,783930176.00
2023/09/01,0.662,0.665,0.651,0.655,657834973,432183104.00
2023/09/04,0.661,0.669,0.655,0.657,491987132,325311840.00
2023/09/05,0.655,0.657,0.638,0.641,345515179,222273504.00
2023/09/06,0.638,0.658,0.634,0.657,620705810,402829248.00
2023/09/07,0.654,0.665,0.649,0.650,332774463,218679808.00
2023/09/08,0.646,0.650,0.641,0.649,264874000,170999152.00
2023/09/11,0.648,0.648,0.636,0.643,385582800,247248000.00
2023/09/12,0.642,0.644,0.637,0.640,225137300,144201600.00
2023/09/13,0.640,0.647,0.635,0.640,216662600,138751520.00
2023/09/14,0.639,0.640,0.630,0.634,308442540,195393200.00
2023/09/15,0.636,0.640,0.631,0.636,259118700,164846304.00
2023/09/18,0.633,0.634,0.625,0.630,279264500,175624784.00
2023/09/19,0.629,0.632,0.625,0.628,212269500,133393032.00
2023/09/20,0.627,0.630,0.623,0.627,141920900,89036424.00
2023/09/21,0.626,0.634,0.624,0.625,154772700,97181424.00
2023/09/22,0.622,0.632,0.621,0.631,173935800,109017176.00
2023/09/25,0.629,0.629,0.617,0.618,207255200,128455312.00
2023/09/26,0.617,0.619,0.614,0.616,145527500,89662848.00
2023/09/27,0.615,0.619,0.613,0.615,161149900,99201744.00
2023/09/28,0.615,0.618,0.613,0.616,150980988,92943104.00
2023/10/09,0.614,0.614,0.599,0.601,279191454,168242992.00
2023/10/10,0.600,0.606,0.597,0.599,234970566,141125616.00
2023/10/11,0.600,0.602,0.594,0.600,279300630,167035760.00
2023/10/12,0.603,0.604,0.596,0.601,305728000,183392976.00
2023/10/13,0.596,0.600,0.594,0.596,188412860,112312488.00
2023/10/16,0.596,0.599,0.584,0.586,217773900,128218656.00
2023/10/17,0.586,0.586,0.578,0.581,217009900,126094576.00
2023/10/18,0.580,0.581,0.572,0.572,275021806,158172416.00
2023/10/19,0.570,0.576,0.567,0.568,233668106,133377472.00
2023/10/20,0.566,0.578,0.561,0.571,233634406,133366752.00
2023/10/23,0.568,0.570,0.557,0.559,184178949,103666128.00
2023/10/24,0.562,0.574,0.560,0.573,261076800,148414048.00
2023/10/25,0.581,0.584,0.571,0.573,337574166,194401232.00
2023/10/26,0.570,0.571,0.562,0.567,215079600,121592152.00
2023/10/27,0.565,0.575,0.565,0.574,237209847,135393952.00
2023/10/30,0.571,0.576,0.566,0.575,373850447,213220336.00
2023/10/31,0.571,0.575,0.562,0.573,327704900,186426464.00
2023/11/01,0.570,0.572,0.566,0.567,206776600,117479136.00
2023/11/02,0.566,0.569,0.561,0.563,226432215,127881664.00
2023/11/03,0.562,0.565,0.559,0.562,259520633,145769440.00
2023/11/06,0.564,0.579,0.563,0.577,470015324,269314080.00
2023/11/07,0.577,0.582,0.574,0.577,404282979,233356640.00
2023/11/08,0.575,0.586,0.574,0.583,481927200,280529632.00
2023/11/09,0.584,0.590,0.579,0.582,500470800,292303616.00
2023/11/10,0.579,0.579,0.569,0.573,407374100,233021088.00
2023/11/13,0.574,0.576,0.569,0.573,238197143,136160224.00
2023/11/14,0.573,0.582,0.573,0.582,249222387,144163744.00
2023/11/15,0.587,0.588,0.577,0.578,395974600,230364960.00
2023/11/16,0.576,0.579,0.570,0.576,249592194,143291312.00
2023/11/17,0.574,0.576,0.569,0.573,177995700,101789096.00
2023/11/20,0.576,0.579,0.571,0.574,199018200,114206352.00
2023/11/21,0.577,0.594,0.576,0.587,530911076,312117824.00
2023/11/22,0.583,0.596,0.582,0.583,367078882,216500880.00
2023/11/23,0.584,0.600,0.577,0.599,532156911,314651232.00
2023/11/24,0.598,0.604,0.594,0.598,399111036,239251088.00
2023/11/27,0.595,0.596,0.581,0.585,319845817,187048368.00
2023/11/28,0.584,0.585,0.576,0.579,233456300,135375456.00
2023/11/29,0.580,0.581,0.562,0.564,362078766,205475616.00
2023/11/30,0.562,0.565,0.558,0.562,227034300,127393912.00
2023/12/01,0.561,0.567,0.558,0.566,196267862,110595080.00
2023/12/04,0.563,0.565,0.556,0.557,198471315,110802352.00
2023/12/05,0.555,0.557,0.544,0.545,229993259,126819144.00
2023/12/06,0.544,0.556,0.544,0.552,321664460,176989680.00
2023/12/07,0.551,0.558,0.548,0.555,189959765,105020480.00
2023/12/08,0.554,0.555,0.544,0.545,194909900,106843384.00
2023/12/11,0.540,0.543,0.533,0.541,213598529,114658848.00
2023/12/12,0.545,0.558,0.543,0.557,465567083,256941840.00
2023/12/13,0.551,0.553,0.544,0.545,322480600,176737792.00
2023/12/14,0.548,0.553,0.543,0.543,165915600,90829384.00
2023/12/15,0.550,0.558,0.548,0.551,276980600,153150064.00
2023/12/18,0.547,0.556,0.541,0.542,239126064,131054600.00
2023/12/19,0.540,0.544,0.531,0.536,250497100,134399040.00
2023/12/20,0.535,0.536,0.526,0.526,146848600,78018240.00
2023/12/21,0.524,0.534,0.523,0.533,174623100,92286072.00
2023/12/22,0.532,0.533,0.524,0.527,248949700,131406480.00
2023/12/25,0.525,0.526,0.519,0.522,179650957,93704112.00
2023/12/26,0.521,0.521,0.512,0.513,212260171,109229224.00
2023/12/27,0.512,0.517,0.509,0.514,187325571,96052144.00
2023/12/28,0.511,0.529,0.510,0.527,263055100,136872656.00
2023/12/29,0.525,0.530,0.522,0.526,173229200,90963288.00
2024/01/02,0.526,0.526,0.514,0.516,194559600,100695504.00
2024/01/03,0.516,0.522,0.514,0.517,213899900,110826304.00
2024/01/04,0.516,0.517,0.507,0.511,174249700,88888664.00
2024/01/05,0.508,0.517,0.506,0.508,179177600,91678632.00
2024/01/08,0.511,0.513,0.499,0.500,135736450,68594528.00
2024/01/09,0.499,0.507,0.496,0.503,151472800,75954968.00
2024/01/10,0.502,0.505,0.496,0.501,200071000,100246584.00
2024/01/11,0.500,0.506,0.497,0.505,211844370,106233256.00
2024/01/12,0.503,0.511,0.502,0.504,187480115,94882816.00
2024/01/15,0.502,0.509,0.496,0.507,166955156,83965776.00
2024/01/16,0.504,0.508,0.495,0.502,156896956,78597888.00
2024/01/17,0.498,0.499,0.486,0.487,150077100,73988512.00
2024/01/18,0.484,0.487,0.473,0.486,212241000,102236000.00
2024/01/19,0.484,0.492,0.483,0.485,273981448,133537584.00
2024/01/22,0.483,0.484,0.460,0.463,196968188,93286712.00
2024/01/23,0.461,0.473,0.458,0.471,189039947,88013280.00
2024/01/24,0.471,0.489,0.470,0.488,330159300,158148544.00
2024/01/25,0.489,0.517,0.488,0.517,352009025,177650096.00
2024/01/26,0.517,0.539,0.515,0.532,559337339,296213504.00
2024/01/29,0.538,0.538,0.519,0.519,459203539,243409024.00
2024/01/30,0.515,0.519,0.497,0.498,304081393,154592704.00
2024/01/31,0.497,0.500,0.481,0.483,276956600,135646384.00
2024/02/01,0.477,0.483,0.467,0.473,224238331,106402072.00
2024/02/02,0.473,0.490,0.455,0.469,250164600,118742328.00
2024/02/05,0.465,0.465,0.435,0.441,232155200,103460240.00
2024/02/06,0.436,0.461,0.425,0.457,298852200,132427432.00
2024/02/07,0.456,0.462,0.449,0.458,424246600,192925584.00
2024/02/08,0.459,0.482,0.459,0.482,314731800,148751856.00
2024/02/19,0.482,0.484,0.471,0.481,237256400,113148288.00
2024/02/20,0.483,0.487,0.478,0.486,315326400,152608192.00
2024/02/21,0.483,0.507,0.477,0.495,639926058,318105440.00
2024/02/22,0.491,0.498,0.488,0.496,238860642,117700888.00
2024/02/23,0.495,0.500,0.492,0.499,189287100,93948176.00
2024/02/26,0.497,0.501,0.490,0.494,366169600,180501456.00
2024/02/27,0.492,0.504,0.490,0.504,286378390,142612160.00
2024/02/28,0.504,0.510,0.488,0.489,363023200,182676880.00
2024/02/29,0.486,0.499,0.485,0.498,255793541,126175568.00
2024/03/01,0.498,0.501,0.493,0.498,208676558,103755496.00
2024/03/04,0.495,0.495,0.479,0.484,440984383,213097712.00
2024/03/05,0.482,0.486,0.474,0.482,272795071,130898456.00
2024/03/06,0.478,0.484,0.475,0.479,156599000,74993032.00
2024/03/07,0.478,0.484,0.475,0.476,192991700,92422640.00
2024/03/08,0.474,0.477,0.468,0.472,136764500,64545472.00
2024/03/11,0.473,0.484,0.472,0.484,215403985,102958064.00
2024/03/12,0.484,0.508,0.482,0.504,515123956,254962000.00
2024/03/13,0.497,0.501,0.490,0.492,259248600,128031680.00
2024/03/14,0.491,0.500,0.490,0.495,349223400,172826688.00
2024/03/15,0.493,0.498,0.489,0.494,154458000,76074056.00
2024/03/18,0.494,0.495,0.489,0.495,186956229,91928752.00
2024/03/19,0.494,0.495,0.489,0.489,238216500,117306840.00
2024/03/20,0.488,0.493,0.486,0.490,185066400,90652928.00
2024/03/21,0.490,0.498,0.490,0.495,217845609,107662760.00
2024/03/22,0.493,0.493,0.481,0.485,248802900,120859680.00
2024/03/25,0.486,0.500,0.482,0.490,360634900,177648096.00
2024/03/26,0.490,0.498,0.486,0.497,410141300,202113776.00
2024/03/27,0.496,0.496,0.480,0.482,302546300,147067936.00
2024/03/28,0.480,0.488,0.479,0.483,273804600,132672656.00
2024/03/29,0.479,0.482,0.475,0.477,181133600,86472800.00
2024/04/01,0.478,0.486,0.477,0.484,193917400,93408712.00
2024/04/02,0.483,0.484,0.476,0.478,210848300,100910960.00
2024/04/03,0.476,0.478,0.471,0.471,129136600,61142124.00
2024/04/08,0.470,0.474,0.463,0.464,173768000,81553232.00
2024/04/09,0.464,0.467,0.462,0.466,135448000,62975304.00
2024/04/10,0.466,0.467,0.449,0.452,202665300,92354528.00
2024/04/11,0.450,0.455,0.446,0.452,157850400,71123568.00
2024/04/12,0.451,0.452,0.440,0.441,144166400,64107172.00
2024/04/15,0.440,0.444,0.428,0.436,175563300,76682912.00
2024/04/16,0.432,0.437,0.423,0.427,235921700,101169024.00
2024/04/17,0.425,0.439,0.425,0.437,195500185,84948264.00
2024/04/18,0.436,0.440,0.431,0.434,159605200,69543864.00
2024/04/19,0.432,0.437,0.428,0.429,171788600,74038944.00
2024/04/22,0.429,0.434,0.425,0.428,148868200,63745528.00
2024/04/23,0.428,0.429,0.422,0.423,157258400,66885704.00
2024/04/24,0.425,0.425,0.417,0.424,189779000,79828152.00
2024/04/25,0.422,0.429,0.420,0.426,183353500,78032320.00
2024/04/26,0.426,0.445,0.422,0.442,662005371,289520928.00
2024/04/29,0.440,0.479,0.440,0.478,1464710500,684468736.00
2024/04/30,0.474,0.474,0.459,0.462,866592100,402660352.00
2024/05/06,0.474,0.479,0.464,0.466,724380971,341807488.00
2024/05/07,0.461,0.475,0.460,0.472,568385700,265468336.00
2024/05/08,0.467,0.468,0.456,0.458,491144461,225963008.00
2024/05/09,0.460,0.472,0.457,0.466,616107900,286885728.00
2024/05/10,0.467,0.486,0.464,0.483,897766957,426654688.00
2024/05/13,0.475,0.481,0.471,0.475,857667300,408270336.00
2024/05/14,0.475,0.483,0.472,0.477,545433500,260315440.00
2024/05/15,0.476,0.499,0.474,0.486,1373440300,671390848.00
2024/05/16,0.486,0.511,0.484,0.504,1220097700,611920768.00
2024/05/17,0.511,0.548,0.501,0.547,1934663360,1010970240.00
2024/05/20,0.538,0.548,0.526,0.534,1933830916,1035735808.00
2024/05/21,0.527,0.540,0.527,0.533,993283200,530268864.00
2024/05/22,0.533,0.559,0.533,0.540,1644083951,897137600.00
2024/05/23,0.530,0.539,0.520,0.527,1134479946,597866432.00
2024/05/24,0.522,0.523,0.508,0.509,751746046,387038432.00
2024/05/27,0.508,0.515,0.497,0.514,671328547,338428864.00
2024/05/28,0.517,0.519,0.496,0.498,831102200,420065664.00
2024/05/29,0.498,0.509,0.496,0.500,578497400,290088832.00
2024/05/30,0.495,0.496,0.486,0.488,504001100,246879648.00
2024/05/31,0.489,0.493,0.485,0.489,448766900,219276704.00
2024/06/03,0.484,0.486,0.475,0.478,530205300,254028896.00
2024/06/04,0.477,0.491,0.472,0.487,844428800,408311808.00
2024/06/05,0.485,0.485,0.474,0.474,719229600,344417152.00
2024/06/06,0.476,0.479,0.463,0.466,619869799,290412256.00
2024/06/07,0.468,0.479,0.466,0.477,536623395,254662416.00
2024/06/11,0.475,0.479,0.467,0.473,403749900,191331296.00
2024/06/12,0.470,0.474,0.466,0.470,356630000,167861376.00
2024/06/13,0.474,0.475,0.460,0.463,577432700,268264448.00
2024/06/14,0.460,0.475,0.458,0.470,713596400,334088512.00
2024/06/17,0.464,0.466,0.459,0.461,453769400,209615792.00
2024/06/18,0.460,0.464,0.458,0.460,387147600,178402624.00
2024/06/19,0.459,0.462,0.455,0.457,333363823,152677424.00
2024/06/20,0.455,0.456,0.442,0.442,436196600,194599376.00
2024/06/21,0.444,0.448,0.442,0.444,305554417,135823264.00
2024/06/24,0.441,0.442,0.427,0.428,422515600,182329120.00
2024/06/25,0.427,0.441,0.426,0.434,453412900,196691792.00
2024/06/26,0.431,0.438,0.428,0.437,396787400,171586560.00
2024/06/27,0.437,0.439,0.427,0.428,307258500,132692312.00
2024/06/28,0.424,0.432,0.419,0.422,503764600,214519824.00
2024/07/01,0.420,0.442,0.420,0.441,659189900,286511488.00
2024/07/02,0.436,0.448,0.436,0.438,453417800,200665664.00
2024/07/03,0.436,0.449,0.431,0.443,537124100,237749136.00
2024/07/04,0.440,0.442,0.426,0.428,319321700,138013072.00
2024/07/05,0.427,0.431,0.422,0.428,308503900,131559080.00
2024/07/08,0.425,0.426,0.411,0.412,506489515,210579056.00
2024/07/09,0.411,0.418,0.405,0.416,316592600,130462280.00
2024/07/10,0.411,0.417,0.405,0.411,298622700,122719496.00
2024/07/11,0.414,0.422,0.411,0.420,342123800,142714944.00
2024/07/12,0.422,0.440,0.421,0.431,563224800,243180704.00
2024/07/15,0.427,0.428,0.422,0.424,318446200,135211920.00
2024/07/16,0.423,0.430,0.420,0.426,329491400,140058400.00
2024/07/17,0.424,0.437,0.424,0.433,362772300,157165776.00
2024/07/18,0.431,0.437,0.427,0.436,267853300,115683728.00
2024/07/19,0.432,0.433,0.425,0.430,401479200,171592576.00
2024/07/22,0.430,0.430,0.423,0.426,302122000,128623288.00
2024/07/23,0.426,0.430,0.419,0.420,297966400,126745712.00
2024/07/24,0.419,0.422,0.409,0.410,329301900,136389184.00
2024/07/25,0.409,0.416,0.408,0.412,332693500,137345664.00
2024/07/26,0.412,0.422,0.412,0.416,295731800,123172848.00
2024/07/29,0.416,0.417,0.409,0.412,203449000,83842880.00
2024/07/30,0.411,0.422,0.411,0.421,331803800,138600512.00
2024/07/31,0.420,0.438,0.417,0.437,417203100,178939328.00
2024/08/01,0.436,0.440,0.428,0.430,289481402,124813368.00
2024/08/02,0.426,0.433,0.425,0.428,282332902,120940376.00
2024/08/05,0.423,0.435,0.422,0.423,346669000,148914384.00
2024/08/06,0.425,0.433,0.423,0.431,381086912,163074848.00
2024/08/07,0.430,0.431,0.424,0.428,250679800,107037440.00
2024/08/08,0.430,0.443,0.426,0.435,447945300,194634176.00
2024/08/09,0.431,0.451,0.430,0.441,694817792,308718144.00
数据来源:通达信
