515880 通信ETF 日线 不复权
      日期	    开盘	    最高	    最低	    收盘	    成交量	    成交额
2019/09/06,1.050,1.080,1.033,1.053,485995166,510408096.00
2019/09/09,1.069,1.133,1.057,1.123,461414577,500161632.00
2019/09/10,1.133,1.135,1.078,1.088,836776635,915766592.00
2019/09/11,1.094,1.095,1.067,1.072,422586630,455977408.00
2019/09/12,1.075,1.083,1.069,1.082,230615500,248350016.00
2019/09/16,1.085,1.095,1.071,1.085,261575234,283548352.00
2019/09/17,1.080,1.080,1.048,1.056,422728002,448954176.00
2019/09/18,1.059,1.064,1.051,1.056,206378291,218270656.00
2019/09/19,1.057,1.082,1.055,1.081,283289655,302721760.00
2019/09/20,1.084,1.096,1.080,1.081,284140216,308832896.00
2019/09/23,1.076,1.082,1.065,1.082,171509789,183862880.00
2019/09/24,1.082,1.107,1.080,1.098,326865380,358410496.00
2019/09/25,1.090,1.090,1.063,1.066,270499280,290541280.00
2019/09/26,1.067,1.072,1.019,1.021,470137100,489070656.00
2019/09/27,1.016,1.042,1.016,1.035,168927690,174446832.00
2019/09/30,1.030,1.040,1.014,1.019,159463200,162997504.00
2019/10/08,1.020,1.024,0.999,1.000,179029900,180899632.00
2019/10/09,0.998,1.011,0.981,1.010,161889000,161721152.00
2019/10/10,1.012,1.036,1.010,1.034,216781200,222600288.00
2019/10/11,1.036,1.038,1.022,1.032,124447289,128180056.00
2019/10/14,1.042,1.051,1.041,1.043,151508489,158405040.00
2019/10/15,1.041,1.042,1.016,1.017,136472589,139592112.00
2019/10/16,1.018,1.022,1.007,1.008,118038300,119730952.00
2019/10/17,1.008,1.014,1.003,1.011,73090800,73780152.00
2019/10/18,1.012,1.021,0.995,0.999,160001200,160974208.00
2019/10/21,0.996,0.996,0.976,0.991,146922900,144705104.00
2019/10/22,0.991,1.005,0.991,1.005,95358600,95350056.00
2019/10/23,1.006,1.009,0.998,0.998,104718900,105092136.00
2019/10/24,0.997,1.000,0.986,0.995,72045000,71598504.00
2019/10/25,0.994,1.008,0.985,1.005,108279600,107904360.00
2019/10/28,1.025,1.029,1.013,1.028,180912900,185014464.00
2019/10/29,1.027,1.030,1.010,1.010,134884800,137560672.00
2019/10/30,1.003,1.014,0.993,1.003,103883700,104173568.00
2019/10/31,1.006,1.013,0.996,0.998,78767000,79055472.00
2019/11/01,0.996,1.010,0.994,1.006,86783636,87131752.00
2019/11/04,1.011,1.031,1.008,1.022,186626086,190815824.00
2019/11/05,1.028,1.028,1.014,1.025,83750100,85654784.00
2019/11/06,1.021,1.028,1.008,1.010,77132600,78409216.00
2019/11/07,1.009,1.019,1.009,1.016,45251100,45894476.00
2019/11/08,1.022,1.036,1.020,1.022,160640950,165253168.00
2019/11/11,1.018,1.019,0.995,0.998,137922700,138462416.00
2019/11/12,0.999,1.002,0.976,0.992,146136900,144001168.00
2019/11/13,0.992,1.000,0.982,0.999,86558100,85957728.00
2019/11/14,0.995,1.015,0.993,1.009,127440012,128003616.00
2019/11/15,1.005,1.012,0.992,0.995,114728636,114942144.00
2019/11/18,0.993,1.000,0.989,0.998,51524600,51265912.00
2019/11/19,0.997,1.018,0.994,1.017,130496744,131741064.00
2019/11/20,1.015,1.019,1.006,1.008,85653444,86804240.00
2019/11/21,1.002,1.010,0.997,1.008,60865900,61052052.00
2019/11/22,1.006,1.030,0.999,1.004,175307288,177925936.00
2019/11/25,1.001,1.003,0.980,0.984,153659688,151569680.00
2019/11/26,0.987,0.993,0.980,0.985,74589182,73478512.00
2019/11/27,0.981,1.001,0.977,0.995,127874500,126807240.00
2019/11/28,0.992,1.003,0.991,0.993,60747400,60558284.00
2019/11/29,0.993,0.999,0.986,0.996,70904800,70390392.00
2019/12/02,0.998,1.009,0.996,1.003,94410200,94785184.00
2019/12/03,0.998,1.012,0.995,1.011,79921900,80154992.00
2019/12/04,1.004,1.011,1.000,1.008,67732667,68080192.00
2019/12/05,1.008,1.034,1.008,1.027,205313079,210353408.00
2019/12/06,1.027,1.036,1.023,1.036,94741604,97625056.00
2019/12/09,1.038,1.044,1.034,1.037,105735533,109812296.00
2019/12/10,1.032,1.054,1.030,1.052,120386047,125735960.00
2019/12/11,1.045,1.062,1.044,1.048,113327773,119390952.00
2019/12/12,1.050,1.065,1.047,1.055,114052806,120602232.00
2019/12/13,1.065,1.069,1.049,1.060,93062581,98320784.00
2019/12/16,1.062,1.079,1.059,1.078,122607988,131171624.00
2019/12/17,1.080,1.098,1.079,1.093,156437400,170652928.00
2019/12/18,1.100,1.110,1.090,1.092,114518204,125995296.00
2019/12/19,1.093,1.099,1.081,1.089,84500904,91896696.00
2019/12/20,1.087,1.092,1.068,1.068,65530500,70653232.00
2019/12/23,1.060,1.061,1.036,1.038,92922800,97411408.00
2019/12/24,1.043,1.055,1.039,1.055,51583131,53980828.00
2019/12/25,1.051,1.072,1.046,1.066,76214831,81086616.00
2019/12/26,1.066,1.071,1.060,1.070,41535800,44285840.00
2019/12/27,1.070,1.080,1.054,1.059,55916600,59719764.00
2019/12/30,1.048,1.066,1.032,1.066,53227600,56103512.00
2019/12/31,1.065,1.075,1.060,1.070,51439800,55051416.00
2020/01/02,1.078,1.092,1.069,1.088,121677000,132095344.00
2020/01/03,1.094,1.104,1.086,1.094,109191600,119672144.00
2020/01/06,1.085,1.115,1.082,1.103,123640845,136201184.00
2020/01/07,1.103,1.110,1.096,1.109,60217845,66523720.00
2020/01/08,1.103,1.106,1.083,1.088,106279600,116311544.00
2020/01/09,1.096,1.124,1.095,1.124,90563500,100851272.00
2020/01/10,1.130,1.136,1.117,1.127,61490900,69222776.00
2020/01/13,1.127,1.155,1.120,1.153,72004800,81734960.00
2020/01/14,1.154,1.157,1.135,1.137,61759400,70642512.00
2020/01/15,1.136,1.145,1.126,1.139,53900100,61092304.00
2020/01/16,1.139,1.150,1.135,1.139,46516600,53104252.00
2020/01/17,1.146,1.155,1.137,1.141,53178000,60939956.00
2020/01/20,1.148,1.178,1.143,1.178,62289685,72592040.00
2020/01/21,1.177,1.184,1.163,1.166,61676085,72401776.00
2020/01/22,1.156,1.193,1.141,1.186,92244700,107403264.00
2020/01/23,1.174,1.180,1.118,1.137,118373000,135885504.00
2020/02/03,1.026,1.050,1.023,1.023,127041300,130731152.00
2020/02/04,1.027,1.041,1.007,1.037,316438600,325112544.00
2020/02/05,1.040,1.075,1.034,1.050,185278400,195235616.00
2020/02/06,1.050,1.080,1.040,1.073,139223752,148063120.00
2020/02/07,1.071,1.090,1.065,1.089,108038300,116568984.00
2020/02/10,1.086,1.098,1.079,1.096,80329344,87551000.00
2020/02/11,1.101,1.108,1.086,1.097,71012552,77969968.00
2020/02/12,1.091,1.115,1.087,1.115,84234403,92789080.00
2020/02/13,1.113,1.125,1.099,1.106,79659200,88471928.00
2020/02/14,1.101,1.127,1.098,1.107,95983986,106679704.00
2020/02/17,1.120,1.175,1.120,1.174,160888250,184245728.00
2020/02/18,1.172,1.182,1.155,1.182,109604316,128282040.00
2020/02/19,1.178,1.204,1.168,1.176,104662020,124136368.00
2020/02/20,1.179,1.205,1.166,1.205,94142917,112027264.00
2020/02/21,1.210,1.252,1.205,1.245,105726880,130179984.00
2020/02/24,1.272,1.355,1.259,1.352,360151735,473944960.00
2020/02/25,1.335,1.396,1.266,1.388,572821800,768470464.00
2020/02/26,1.356,1.373,1.285,1.296,366668700,489399680.00
2020/02/27,1.310,1.330,1.261,1.299,311404887,405413568.00
2020/02/28,1.225,1.260,1.201,1.215,333166926,410926848.00
2020/03/02,1.244,1.316,1.222,1.296,374757100,477912704.00
2020/03/03,1.356,1.364,1.266,1.288,520212827,687399808.00
2020/03/04,1.263,1.293,1.230,1.271,326512546,412467808.00
2020/03/05,1.314,1.323,1.257,1.278,366314710,471180032.00
2020/03/06,1.247,1.280,1.241,1.265,182559538,230455184.00
2020/03/09,1.244,1.291,1.230,1.230,353327653,445286496.00
2020/03/10,1.235,1.338,1.203,1.332,642137600,820589824.00
2020/03/11,1.353,1.370,1.292,1.294,788122396,1051960512.00
2020/03/12,1.262,1.305,1.262,1.301,667298449,857110208.00
2020/03/13,1.242,1.324,1.242,1.301,874437756,1127541120.00
2020/03/16,1.297,1.297,1.182,1.189,663444202,823179264.00
2020/03/17,1.212,1.229,1.130,1.185,449950887,530244864.00
2020/03/18,1.193,1.220,1.141,1.142,359261841,426756704.00
2020/03/19,1.148,1.210,1.129,1.188,498737398,582032704.00
2020/03/20,1.217,1.218,1.171,1.195,463650790,552152640.00
2020/03/23,1.153,1.200,1.141,1.148,600912826,705597440.00
2020/03/24,1.180,1.187,1.120,1.169,458215560,531231456.00
2020/03/25,1.196,1.202,1.178,1.190,433772294,517320800.00
2020/03/26,1.170,1.178,1.150,1.151,324935273,378297792.00
2020/03/27,1.169,1.173,1.131,1.133,202915607,234069232.00
2020/03/30,1.113,1.114,1.066,1.084,325210113,352405696.00
2020/03/31,1.101,1.105,1.071,1.072,240127027,261740832.00
2020/04/01,1.062,1.096,1.062,1.065,183758777,198541488.00
2020/04/02,1.065,1.117,1.064,1.114,301326673,329100576.00
2020/04/03,1.105,1.110,1.084,1.090,159346349,174461488.00
2020/04/07,1.119,1.125,1.110,1.121,156044446,174475360.00
2020/04/08,1.113,1.146,1.111,1.139,211434585,240141904.00
2020/04/09,1.148,1.155,1.140,1.143,119418417,137034208.00
2020/04/10,1.138,1.142,1.093,1.098,217563432,240716208.00
2020/04/13,1.085,1.085,1.059,1.065,300613565,319901376.00
2020/04/14,1.072,1.095,1.072,1.094,140310288,151767088.00
2020/04/15,1.092,1.106,1.084,1.087,140555536,153902912.00
2020/04/16,1.074,1.099,1.070,1.095,98662538,107244992.00
2020/04/17,1.107,1.120,1.095,1.098,140281000,155519568.00
2020/04/20,1.097,1.116,1.096,1.116,124249413,137523440.00
2020/04/21,1.109,1.113,1.090,1.112,111418987,122863264.00
2020/04/22,1.099,1.116,1.098,1.115,76381886,84672184.00
2020/04/23,1.116,1.122,1.087,1.089,90117087,98972880.00
2020/04/24,1.089,1.099,1.066,1.071,91348822,98494000.00
2020/04/27,1.075,1.085,1.064,1.072,96174150,103541320.00
2020/04/28,1.073,1.074,1.019,1.062,181691100,190495824.00
2020/04/29,1.052,1.066,1.047,1.055,126212781,133553088.00
2020/04/30,1.068,1.113,1.065,1.108,209142787,229024400.00
2020/05/06,1.096,1.140,1.096,1.137,175971295,197800736.00
2020/05/07,1.160,1.168,1.130,1.131,205272094,235558384.00
2020/05/08,1.142,1.161,1.140,1.153,216040563,248803808.00
2020/05/11,1.160,1.177,1.154,1.167,195860783,228386112.00
2020/05/12,1.161,1.164,1.133,1.157,127054581,145975952.00
2020/05/13,1.143,1.156,1.142,1.151,71703649,82405992.00
2020/05/14,1.145,1.153,1.137,1.139,84568823,96686048.00
2020/05/15,1.148,1.162,1.138,1.147,113520800,130523672.00
2020/05/18,1.148,1.151,1.110,1.114,124590884,139973120.00
2020/05/19,1.120,1.129,1.113,1.125,78120843,87660592.00
2020/05/20,1.123,1.133,1.106,1.115,103195084,115470464.00
2020/05/21,1.117,1.118,1.083,1.090,138447903,152364592.00
2020/05/22,1.090,1.098,1.064,1.075,120401215,130187488.00
2020/05/25,1.065,1.067,1.037,1.043,151533100,158733808.00
2020/05/26,1.050,1.069,1.050,1.066,106916816,113249144.00
2020/05/27,1.065,1.069,1.051,1.055,72007885,76158256.00
2020/05/28,1.053,1.061,1.029,1.048,120266685,125584976.00
2020/05/29,1.041,1.053,1.040,1.048,60163087,63088128.00
2020/06/01,1.065,1.103,1.061,1.102,161756725,175734480.00
2020/06/02,1.106,1.120,1.098,1.114,124922515,138660976.00
2020/06/03,1.114,1.135,1.105,1.115,117983425,132075424.00
2020/06/04,1.117,1.122,1.106,1.107,63867793,71037456.00
2020/06/05,1.111,1.120,1.103,1.114,72476200,80632264.00
2020/06/08,1.130,1.145,1.120,1.122,77564210,87836656.00
2020/06/09,1.123,1.127,1.113,1.125,67467610,75602720.00
2020/06/10,1.122,1.125,1.113,1.120,90914400,101723992.00
2020/06/11,1.120,1.141,1.112,1.120,91247300,102894800.00
2020/06/12,1.095,1.120,1.093,1.116,68410000,75754128.00
2020/06/15,1.108,1.122,1.100,1.101,68639969,76157936.00
2020/06/16,1.120,1.140,1.112,1.131,116531800,131260584.00
2020/06/17,1.136,1.136,1.116,1.125,58139067,65338576.00
2020/06/18,1.126,1.154,1.118,1.147,223324867,254778976.00
2020/06/19,1.146,1.163,1.137,1.155,171732246,197392048.00
2020/06/22,1.154,1.170,1.151,1.165,150498680,174543408.00
2020/06/23,1.163,1.163,1.142,1.151,108007407,124280928.00
2020/06/24,1.152,1.161,1.150,1.158,83171400,96064096.00
2020/06/29,1.150,1.155,1.137,1.142,75055900,85935768.00
2020/06/30,1.149,1.174,1.149,1.170,105650615,123212464.00
2020/07/01,1.175,1.178,1.153,1.170,102244405,119369776.00
2020/07/02,1.170,1.190,1.159,1.189,138881537,163573904.00
2020/07/03,1.189,1.218,1.178,1.214,142373395,169827040.00
2020/07/06,1.231,1.278,1.218,1.272,237717339,297512800.00
2020/07/07,1.318,1.318,1.263,1.274,258651460,334705504.00
2020/07/08,1.275,1.305,1.259,1.300,158774346,204170768.00
2020/07/09,1.300,1.353,1.298,1.346,169863336,225513216.00
2020/07/10,1.336,1.353,1.313,1.322,184577207,246098736.00
2020/07/13,1.316,1.360,1.316,1.360,140444156,188630448.00
2020/07/14,1.362,1.368,1.301,1.330,129790872,173250976.00
2020/07/15,1.327,1.333,1.262,1.271,200014632,257348752.00
2020/07/16,1.273,1.285,1.199,1.209,169238309,211618016.00
2020/07/17,1.208,1.233,1.197,1.214,108732471,131824048.00
2020/07/20,1.231,1.260,1.219,1.260,110391639,136756000.00
2020/07/21,1.262,1.274,1.250,1.260,61632847,77692600.00
2020/07/22,1.260,1.281,1.251,1.261,81823713,103651912.00
2020/07/23,1.250,1.252,1.210,1.241,92052100,113569480.00
2020/07/24,1.232,1.247,1.181,1.185,115570500,140701504.00
2020/07/27,1.187,1.197,1.170,1.186,55948542,66198880.00
2020/07/28,1.196,1.204,1.186,1.199,55034800,65830296.00
2020/07/29,1.204,1.247,1.201,1.245,80218606,98699192.00
2020/07/30,1.257,1.265,1.245,1.248,64889633,81318168.00
2020/07/31,1.248,1.275,1.247,1.261,62285633,78645240.00
2020/08/03,1.269,1.305,1.269,1.303,84102000,108642016.00
2020/08/04,1.309,1.314,1.287,1.290,70350731,91232416.00
2020/08/05,1.312,1.314,1.290,1.304,71561300,93216624.00
2020/08/06,1.297,1.310,1.282,1.309,74231101,96357608.00
2020/08/07,1.305,1.305,1.270,1.288,64198600,82690576.00
2020/08/10,1.280,1.297,1.270,1.278,102334041,131040288.00
2020/08/11,1.275,1.287,1.258,1.261,50100100,63856224.00
2020/08/12,1.253,1.263,1.227,1.263,75407451,93696408.00
2020/08/13,1.262,1.267,1.250,1.251,35474896,44570360.00
2020/08/14,1.252,1.268,1.248,1.268,42219500,53184176.00
2020/08/17,1.269,1.298,1.265,1.297,53698900,69098704.00
2020/08/18,1.294,1.298,1.282,1.288,38414900,49505408.00
2020/08/19,1.282,1.285,1.250,1.253,44573200,56408748.00
2020/08/20,1.245,1.254,1.234,1.251,34185500,42591748.00
2020/08/21,1.251,1.268,1.238,1.249,48430600,60849520.00
2020/08/24,1.249,1.275,1.241,1.271,67158793,84931768.00
2020/08/25,1.271,1.281,1.263,1.267,35262993,44862724.00
2020/08/26,1.266,1.268,1.235,1.238,39259793,49114112.00
2020/08/27,1.239,1.258,1.231,1.255,36483400,45556232.00
2020/08/28,1.254,1.261,1.236,1.261,34146500,42603228.00
2020/08/31,1.265,1.280,1.260,1.262,39095600,49728232.00
2020/09/01,1.262,1.264,1.247,1.263,32009900,40234488.00
2020/09/02,1.266,1.277,1.259,1.271,42903900,54477908.00
2020/09/03,1.271,1.271,1.250,1.254,35911400,45225688.00
2020/09/04,1.245,1.255,1.232,1.253,34615900,43109816.00
2020/09/07,1.251,1.266,1.226,1.232,39597800,49410140.00
2020/09/08,1.232,1.235,1.206,1.225,40570400,49556588.00
2020/09/09,1.209,1.216,1.184,1.192,38822100,46606576.00
2020/09/10,1.194,1.202,1.136,1.139,70520500,81824576.00
2020/09/11,1.139,1.161,1.130,1.157,40395900,46290588.00
2020/09/14,1.160,1.181,1.159,1.172,30917900,36140524.00
2020/09/15,1.173,1.175,1.160,1.171,28679000,33515230.00
2020/09/16,1.172,1.172,1.153,1.161,27113800,31481684.00
2020/09/17,1.161,1.175,1.146,1.165,33230000,38510064.00
2020/09/18,1.164,1.183,1.161,1.183,31873000,37378464.00
2020/09/21,1.184,1.196,1.181,1.183,35404700,42054424.00
2020/09/22,1.173,1.183,1.163,1.168,32197400,37771460.00
2020/09/23,1.168,1.176,1.161,1.170,31607800,36942428.00
2020/09/24,1.160,1.163,1.138,1.139,37945800,43475348.00
2020/09/25,1.138,1.145,1.125,1.130,32690199,37021596.00
2020/09/28,1.130,1.133,1.117,1.121,32589900,36613100.00
2020/09/29,1.122,1.143,1.122,1.136,31828700,36144080.00
2020/09/30,1.136,1.140,1.124,1.131,30785100,34850044.00
2020/10/09,1.143,1.164,1.143,1.160,31116500,36026020.00
2020/10/12,1.167,1.186,1.164,1.186,49446100,58100392.00
2020/10/13,1.185,1.189,1.176,1.188,41484100,49083912.00
2020/10/14,1.183,1.183,1.172,1.175,30576300,35957900.00
2020/10/15,1.175,1.178,1.164,1.166,30688400,35804112.00
2020/10/16,1.160,1.169,1.144,1.151,36676000,42338016.00
2020/10/19,1.190,1.198,1.152,1.156,62544800,73238344.00
2020/10/20,1.149,1.161,1.139,1.161,38786000,44560904.00
2020/10/21,1.158,1.159,1.132,1.139,40704300,46362024.00
2020/10/22,1.135,1.139,1.122,1.134,19199500,21722892.00
2020/10/23,1.132,1.140,1.115,1.120,43743800,49294496.00
2020/10/26,1.120,1.125,1.103,1.119,32197600,35891492.00
2020/10/27,1.118,1.125,1.109,1.123,43073600,48097152.00
2020/10/28,1.123,1.123,1.097,1.118,50082800,55617828.00
2020/10/29,1.102,1.113,1.097,1.110,43248480,47847724.00
2020/10/30,1.110,1.120,1.087,1.091,65174500,72082584.00
2020/11/02,1.084,1.091,1.059,1.073,74925100,80135280.00
2020/11/03,1.072,1.103,1.070,1.098,81611200,89118968.00
2020/11/04,1.098,1.100,1.084,1.092,41585500,45423800.00
2020/11/05,1.102,1.150,1.095,1.148,173782993,195629696.00
2020/11/06,1.148,1.149,1.130,1.139,133313793,152229744.00
2020/11/09,1.149,1.198,1.148,1.189,131509193,154779888.00
2020/11/10,1.180,1.183,1.160,1.165,95344600,111333656.00
2020/11/11,1.160,1.163,1.127,1.130,93249500,106392504.00
2020/11/12,1.139,1.141,1.125,1.129,57668000,65266384.00
2020/11/13,1.122,1.130,1.114,1.127,55544300,62345816.00
2020/11/16,1.132,1.134,1.113,1.121,41797200,46827184.00
2020/11/17,1.122,1.122,1.096,1.113,60906327,67224504.00
2020/11/18,1.106,1.119,1.106,1.116,36722300,40929776.00
2020/11/19,1.114,1.130,1.103,1.126,65212000,73200568.00
2020/11/20,1.126,1.132,1.121,1.129,46737800,52651284.00
2020/11/23,1.129,1.132,1.117,1.125,50964800,57274936.00
2020/11/24,1.122,1.139,1.120,1.130,51533600,58321000.00
2020/11/25,1.134,1.144,1.119,1.128,80393600,90989344.00
2020/11/26,1.128,1.129,1.117,1.121,42868154,48128960.00
2020/11/27,1.123,1.123,1.106,1.113,58838300,65436068.00
2020/11/30,1.113,1.121,1.103,1.112,66908000,74552352.00
2020/12/01,1.110,1.124,1.106,1.123,56724495,63380208.00
2020/12/02,1.125,1.138,1.118,1.129,72740900,81977472.00
2020/12/03,1.128,1.130,1.118,1.121,63017300,70722840.00
2020/12/04,1.116,1.124,1.112,1.119,52927173,59094784.00
2020/12/07,1.120,1.125,1.110,1.111,54489400,60849756.00
2020/12/08,1.114,1.115,1.105,1.107,44923100,49793932.00
2020/12/09,1.109,1.110,1.083,1.085,77325400,84692592.00
2020/12/10,1.083,1.085,1.071,1.077,64749700,69767688.00
2020/12/11,1.077,1.079,1.053,1.063,101084200,107470320.00
2020/12/14,1.064,1.064,1.054,1.061,62273400,65906848.00
2020/12/15,1.060,1.065,1.055,1.061,67035600,71063192.00
2020/12/16,1.066,1.067,1.036,1.037,129454400,135496192.00
2020/12/17,1.037,1.043,1.021,1.043,107918600,111547584.00
2020/12/18,1.046,1.046,1.029,1.033,79964400,82838080.00
2020/12/21,1.031,1.045,1.028,1.044,73185000,76109608.00
2020/12/22,1.040,1.040,1.016,1.018,117475000,120705960.00
2020/12/23,1.019,1.029,1.011,1.028,93580100,95583144.00
2020/12/24,1.027,1.032,1.010,1.013,86779679,88443992.00
2020/12/25,1.012,1.016,1.004,1.013,63819700,64510888.00
2020/12/28,1.013,1.013,0.994,0.996,102348900,102357176.00
2020/12/29,0.997,1.046,0.996,1.040,301168600,311254784.00
2020/12/30,1.038,1.040,1.020,1.040,216432700,222914272.00
2020/12/31,1.043,1.053,1.031,1.048,211490650,220703008.00
2021/01/04,1.045,1.067,1.037,1.064,193157300,203458288.00
2021/01/05,1.057,1.084,1.053,1.079,261158313,280061568.00
2021/01/06,1.081,1.083,1.054,1.059,193951800,206534976.00
2021/01/07,1.061,1.062,1.026,1.035,213150000,221444432.00
2021/01/08,1.030,1.059,1.030,1.050,199838927,209598416.00
2021/01/11,1.050,1.068,1.046,1.057,216828450,229442320.00
2021/01/12,1.056,1.068,1.045,1.068,206279700,218831136.00
2021/01/13,1.068,1.082,1.058,1.081,286755100,307628704.00
2021/01/14,1.082,1.105,1.068,1.094,290290901,315985824.00
2021/01/15,1.095,1.096,1.064,1.074,188085300,202843280.00
2021/01/18,1.070,1.114,1.068,1.110,264861546,290932256.00
2021/01/19,1.112,1.121,1.097,1.101,194537214,215820592.00
2021/01/20,1.098,1.107,1.088,1.106,135261611,148481552.00
2021/01/21,1.105,1.114,1.090,1.107,159195859,175571824.00
2021/01/22,1.105,1.105,1.074,1.082,198464196,215168352.00
2021/01/25,1.073,1.078,1.058,1.066,187170711,199818224.00
2021/01/26,1.067,1.072,1.046,1.049,142351100,150310560.00
2021/01/27,1.047,1.057,1.043,1.050,87338800,91748512.00
2021/01/28,1.039,1.040,1.009,1.010,188540230,192897440.00
2021/01/29,1.017,1.021,0.990,1.004,228621300,228589776.00
2021/02/01,0.996,1.005,0.988,0.998,158532100,157628432.00
2021/02/02,0.999,1.003,0.993,1.003,105156881,105069416.00
2021/02/03,1.000,1.000,0.978,0.979,161439408,159924560.00
2021/02/04,0.975,0.978,0.946,0.976,199896800,192435792.00
2021/02/05,0.973,0.990,0.968,0.969,110894507,108740000.00
2021/02/08,0.974,0.985,0.968,0.984,96259700,94261528.00
2021/02/09,0.985,1.008,0.976,1.006,171126100,170219232.00
2021/02/10,1.003,1.018,0.995,1.015,140651200,141651088.00
2021/02/18,1.028,1.040,1.023,1.029,435329300,450191488.00
2021/02/19,1.025,1.043,1.024,1.043,108248742,111992176.00
2021/02/22,1.043,1.051,1.022,1.024,132103810,137342016.00
2021/02/23,1.021,1.032,1.011,1.025,109830000,112299176.00
2021/02/24,1.027,1.039,1.006,1.017,91317900,93596288.00
2021/02/25,1.025,1.030,1.009,1.012,87773200,89291088.00
2021/02/26,0.999,1.017,0.997,1.013,95066200,95920576.00
2021/03/01,1.019,1.032,1.017,1.032,90436400,92777776.00
2021/03/02,1.033,1.038,1.019,1.027,79345000,81525880.00
2021/03/03,1.023,1.034,1.019,1.033,64051600,65807832.00
2021/03/04,1.027,1.034,1.010,1.013,89069500,90883896.00
2021/03/05,1.007,1.026,1.000,1.023,66194356,67288576.00
2021/03/08,1.024,1.043,1.007,1.011,107979400,111094624.00
2021/03/09,1.011,1.011,0.970,0.977,153895000,152142816.00
2021/03/10,0.992,0.996,0.966,0.968,79335156,77393160.00
2021/03/11,0.972,0.980,0.960,0.977,91852556,89197984.00
2021/03/12,0.977,0.978,0.961,0.969,78541500,75827832.00
2021/03/15,0.963,0.964,0.933,0.941,100102000,94693888.00
2021/03/16,0.943,0.952,0.937,0.951,70333800,66538524.00
2021/03/17,0.954,0.973,0.950,0.971,106589900,102900992.00
2021/03/18,0.968,0.972,0.963,0.968,50310100,48597224.00
2021/03/19,0.954,0.968,0.951,0.958,59743100,57401612.00
2021/03/22,0.955,0.973,0.954,0.971,54134500,52408448.00
2021/03/23,0.973,0.978,0.968,0.974,65285700,63439048.00
2021/03/24,0.970,0.973,0.957,0.963,52768800,50838080.00
2021/03/25,0.958,0.965,0.952,0.957,44074500,42246892.00
2021/03/26,0.960,0.976,0.959,0.973,69144500,67007968.00
2021/03/29,0.976,0.980,0.967,0.969,56284100,54841012.00
2021/03/30,0.969,0.974,0.965,0.969,37671200,36558712.00
2021/03/31,0.963,0.973,0.963,0.972,41918800,40494804.00
2021/04/01,0.974,0.980,0.968,0.975,63593301,61941212.00
2021/04/02,0.976,0.985,0.974,0.983,74280100,72877176.00
2021/04/06,0.985,0.989,0.979,0.984,56464200,55547200.00
2021/04/07,0.983,0.984,0.975,0.982,45805763,44841240.00
2021/04/08,0.981,0.981,0.971,0.972,46999600,45805288.00
2021/04/09,0.973,0.974,0.954,0.957,72985500,70076952.00
2021/04/12,0.957,0.960,0.943,0.944,53084211,50485388.00
2021/04/13,0.947,0.949,0.940,0.943,45139100,42645536.00
2021/04/14,0.943,0.952,0.942,0.951,43208700,40960376.00
2021/04/15,0.951,0.951,0.942,0.949,39300000,37185400.00
2021/04/16,0.949,0.963,0.948,0.961,53249800,50929824.00
2021/04/19,0.960,0.980,0.960,0.979,78998300,76889240.00
2021/04/20,0.974,0.974,0.963,0.964,66492200,64352656.00
2021/04/21,0.960,0.961,0.950,0.952,73013900,69593768.00
2021/04/22,0.950,0.970,0.950,0.963,70927300,68121728.00
2021/04/23,0.957,0.963,0.954,0.957,60898100,58321908.00
2021/04/26,0.957,0.965,0.949,0.950,75919700,72667240.00
2021/04/27,0.947,0.952,0.931,0.939,107579100,100913384.00
2021/04/28,0.935,0.938,0.927,0.938,65676500,61278344.00
2021/04/29,0.938,0.942,0.930,0.931,113373200,105964944.00
2021/04/30,0.932,0.933,0.911,0.917,120735300,111031344.00
2021/05/06,0.916,0.918,0.910,0.913,64021989,58470168.00
2021/05/07,0.916,0.916,0.896,0.898,156063000,140883344.00
2021/05/10,0.897,0.898,0.886,0.888,87662100,77984384.00
2021/05/11,0.883,0.896,0.883,0.895,72683000,64637572.00
2021/05/12,0.892,0.903,0.889,0.902,63812200,57295008.00
2021/05/13,0.896,0.906,0.894,0.900,58455700,52650808.00
2021/05/14,0.901,0.916,0.898,0.914,99897100,90795352.00
2021/05/17,0.915,0.922,0.914,0.915,87997657,80821304.00
2021/05/18,0.915,0.917,0.909,0.915,64009700,58458752.00
2021/05/19,0.913,0.919,0.911,0.913,56898600,52082844.00
2021/05/20,0.912,0.920,0.912,0.917,61394200,56295656.00
2021/05/21,0.920,0.921,0.909,0.910,49189300,44947120.00
2021/05/24,0.909,0.924,0.907,0.924,109081600,99988712.00
2021/05/25,0.923,0.942,0.920,0.941,126685192,118155912.00
2021/05/26,0.941,0.949,0.938,0.939,86222600,81353256.00
2021/05/27,0.939,0.963,0.939,0.960,122768600,117101744.00
2021/05/28,0.959,0.962,0.950,0.953,76114390,72786368.00
2021/05/31,0.954,0.967,0.953,0.966,71505600,68800232.00
2021/06/01,0.967,0.973,0.960,0.970,69370676,67144976.00
2021/06/02,0.968,0.970,0.948,0.952,92945500,88909840.00
2021/06/03,0.952,0.978,0.951,0.964,134790793,130789856.00
2021/06/04,0.959,0.970,0.959,0.966,78461318,75761592.00
2021/06/07,0.970,0.985,0.970,0.984,218209416,214190864.00
2021/06/08,0.986,0.992,0.980,0.990,121590220,119911392.00
2021/06/09,0.991,0.998,0.985,0.989,50464800,50003388.00
2021/06/10,0.988,1.010,0.984,1.008,109955300,109954240.00
2021/06/11,1.013,1.014,0.990,0.992,62775200,62727396.00
2021/06/15,0.991,1.010,0.990,1.000,116211100,116373712.00
2021/06/16,0.999,1.009,0.982,0.984,80258933,80040328.00
2021/06/17,0.983,1.011,0.983,1.010,93703800,93730840.00
2021/06/18,1.009,1.024,1.008,1.023,111689031,113720688.00
2021/06/21,1.016,1.030,1.015,1.027,70976900,72682008.00
2021/06/22,1.025,1.031,1.012,1.018,71309100,72558232.00
2021/06/23,1.017,1.033,1.011,1.028,68171934,69898336.00
2021/06/24,1.031,1.035,1.022,1.026,50679000,52123888.00
2021/06/25,1.024,1.024,1.009,1.021,86443300,87972360.00
2021/06/28,1.018,1.037,1.018,1.037,93405600,96380896.00
2021/06/29,1.036,1.036,1.013,1.013,54973500,56116660.00
2021/06/30,1.014,1.034,1.014,1.031,73477100,75430272.00
2021/07/01,1.033,1.035,1.005,1.008,140316800,142533664.00
2021/07/02,1.009,1.010,0.985,0.988,58203300,57806624.00
2021/07/05,0.988,1.015,0.988,1.014,66892300,67233968.00
2021/07/06,1.019,1.023,1.003,1.016,49773600,50460528.00
2021/07/07,1.017,1.023,1.005,1.021,48807800,49604544.00
2021/07/08,1.022,1.026,1.011,1.018,58655717,59817720.00
2021/07/09,1.015,1.017,1.002,1.014,51330400,51773208.00
2021/07/12,1.020,1.051,1.016,1.045,169679846,176657728.00
2021/07/13,1.051,1.052,1.041,1.046,96813700,101369840.00
2021/07/14,1.046,1.055,1.030,1.032,82647800,86226232.00
2021/07/15,1.025,1.031,1.011,1.026,133690300,136290816.00
2021/07/16,1.023,1.028,1.016,1.020,74452200,76008560.00
2021/07/19,1.017,1.039,1.005,1.035,117708899,120856232.00
2021/07/20,1.025,1.033,1.023,1.033,50025000,51482360.00
2021/07/21,1.033,1.037,1.023,1.034,78394700,80904648.00
2021/07/22,1.033,1.033,1.012,1.016,103050676,104971528.00
2021/07/23,1.010,1.015,1.000,1.009,76719176,77140008.00
2021/07/26,1.008,1.008,0.971,0.985,94272276,93184064.00
2021/07/27,0.984,1.032,0.984,1.008,160946000,163160640.00
2021/07/28,1.009,1.012,0.971,1.001,107023851,106505976.00
2021/07/29,1.013,1.032,1.005,1.029,126358200,129219416.00
2021/07/30,1.027,1.051,1.021,1.049,163503500,170307184.00
2021/08/02,1.060,1.086,1.055,1.084,235489144,252463584.00
2021/08/03,1.083,1.096,1.059,1.064,274730300,296009792.00
2021/08/04,1.060,1.081,1.060,1.077,155654400,167131168.00
2021/08/05,1.072,1.078,1.063,1.071,113521600,121458568.00
2021/08/06,1.070,1.078,1.064,1.078,122801100,131371064.00
2021/08/09,1.074,1.086,1.065,1.080,114851100,123507688.00
2021/08/10,1.080,1.086,1.071,1.085,104417000,112769792.00
2021/08/11,1.085,1.085,1.066,1.068,146631144,157315744.00
2021/08/12,1.066,1.090,1.065,1.081,133246066,143977056.00
2021/08/13,1.080,1.080,1.060,1.069,110606765,118139712.00
2021/08/16,1.068,1.085,1.061,1.073,82819365,89024616.00
2021/08/17,1.072,1.073,1.035,1.039,112946145,118829912.00
2021/08/18,1.035,1.043,1.025,1.038,109914009,113303304.00
2021/08/19,1.033,1.051,1.033,1.050,89611500,93622168.00
2021/08/20,1.049,1.049,1.028,1.037,87074491,90163088.00
2021/08/23,1.037,1.068,1.037,1.067,112202123,118838728.00
2021/08/24,1.070,1.070,1.060,1.065,78547600,83677664.00
2021/08/25,1.065,1.068,1.049,1.052,72258522,76149864.00
2021/08/26,1.048,1.052,1.026,1.028,97345500,100746112.00
2021/08/27,1.022,1.030,1.015,1.027,65093408,66526752.00
2021/08/30,1.032,1.045,1.025,1.029,71946500,74405184.00
2021/08/31,1.030,1.030,1.003,1.018,80700628,81702592.00
2021/09/01,1.018,1.024,1.002,1.021,68502600,69519440.00
2021/09/02,1.021,1.021,1.009,1.014,55608800,56371308.00
2021/09/03,1.012,1.030,1.011,1.020,89344940,91179128.00
2021/09/06,1.020,1.035,1.013,1.034,97601599,100405648.00
2021/09/07,1.036,1.038,1.030,1.036,67053400,69338592.00
2021/09/08,1.036,1.042,1.028,1.041,80549500,83375856.00
2021/09/09,1.037,1.044,1.028,1.038,76408200,79128952.00
2021/09/10,1.034,1.041,1.025,1.037,77792700,80346032.00
2021/09/13,1.032,1.035,1.017,1.021,61008700,62362284.00
2021/09/14,1.020,1.026,1.003,1.008,72262295,73261792.00
2021/09/15,1.007,1.011,0.999,1.009,55787200,56053768.00
2021/09/16,1.007,1.014,0.990,0.992,69855500,69931944.00
2021/09/17,0.992,0.995,0.975,0.988,63854200,62765992.00
2021/09/22,0.982,0.989,0.974,0.988,36416752,35824496.00
2021/09/23,0.990,1.006,0.990,1.003,52868852,52879860.00
2021/09/24,1.002,1.004,0.995,0.997,33515800,33479164.00
2021/09/27,1.009,1.012,0.979,0.985,69025151,68600472.00
2021/09/28,0.983,0.989,0.975,0.985,39050100,38389624.00
2021/09/29,0.979,0.980,0.964,0.966,79445700,76981472.00
2021/09/30,0.970,0.972,0.966,0.970,40651400,39384956.00
2021/10/08,0.979,0.990,0.976,0.984,52922400,52101256.00
2021/10/11,0.987,1.015,0.985,1.008,88338800,88660440.00
2021/10/12,1.007,1.007,0.980,0.990,100952300,100292648.00
2021/10/13,0.988,0.992,0.980,0.990,93517759,92340320.00
2021/10/14,0.992,0.994,0.984,0.988,36767500,36316312.00
2021/10/15,0.988,0.995,0.981,0.987,59906713,59256736.00
2021/10/18,0.989,0.989,0.976,0.981,35989400,35270256.00
2021/10/19,0.979,0.989,0.978,0.987,40640500,40028384.00
2021/10/20,0.988,0.990,0.981,0.982,48342800,47564644.00
2021/10/21,0.982,0.984,0.967,0.967,80240500,77956336.00
2021/10/22,0.967,0.975,0.965,0.970,41588124,40339196.00
2021/10/25,0.971,0.983,0.965,0.982,58030200,56642472.00
2021/10/26,0.985,0.998,0.982,0.992,86112922,85385968.00
2021/10/27,0.995,1.000,0.980,0.984,47000822,46371604.00
2021/10/28,0.981,0.992,0.973,0.973,44018322,43264160.00
2021/10/29,0.975,0.989,0.975,0.987,50078522,49276104.00
2021/11/01,0.988,1.012,0.988,1.007,99044700,99483520.00
2021/11/02,1.010,1.028,1.006,1.016,107986700,110112112.00
2021/11/03,1.020,1.024,1.007,1.015,44161000,44872644.00
2021/11/04,1.016,1.043,1.016,1.043,107884700,111594984.00
2021/11/05,1.042,1.052,1.038,1.039,87111076,91063640.00
2021/11/08,1.038,1.041,1.032,1.038,46635048,48347852.00
2021/11/09,1.039,1.047,1.033,1.045,49609400,51706656.00
2021/11/10,1.048,1.052,1.035,1.048,51937700,54224216.00
2021/11/11,1.048,1.066,1.044,1.064,85109600,90155704.00
2021/11/12,1.067,1.084,1.060,1.082,112236517,120616080.00
2021/11/15,1.085,1.093,1.075,1.082,66641549,72144968.00
2021/11/16,1.081,1.095,1.080,1.089,87999700,95885672.00
2021/11/17,1.088,1.108,1.086,1.105,91825332,100972744.00
2021/11/18,1.106,1.106,1.085,1.085,77834795,85026864.00
2021/11/19,1.082,1.098,1.082,1.096,57223683,62474792.00
2021/11/22,1.098,1.119,1.097,1.115,62002684,68937664.00
2021/11/23,1.115,1.122,1.113,1.117,55507900,62047376.00
2021/11/24,1.114,1.133,1.113,1.126,63533000,71426928.00
2021/11/25,1.126,1.128,1.108,1.109,57522800,64192676.00
2021/11/26,1.106,1.109,1.089,1.095,68556699,75268752.00
2021/11/29,1.079,1.092,1.075,1.091,58145299,63219092.00
2021/11/30,1.093,1.111,1.093,1.105,64693500,71318208.00
2021/12/01,1.110,1.117,1.104,1.116,40736900,45294456.00
2021/12/02,1.109,1.114,1.096,1.097,40276022,44374268.00
2021/12/03,1.098,1.112,1.098,1.106,37163647,41123968.00
2021/12/06,1.104,1.107,1.091,1.091,44265700,48679212.00
2021/12/07,1.090,1.096,1.070,1.081,93793700,101105200.00
2021/12/08,1.081,1.108,1.080,1.107,53379300,58545304.00
2021/12/09,1.104,1.113,1.100,1.108,85287800,94508584.00
2021/12/10,1.108,1.113,1.100,1.108,88089000,97584512.00
2021/12/13,1.108,1.128,1.108,1.121,46975800,52599672.00
2021/12/14,1.118,1.136,1.115,1.129,62293300,70421312.00
2021/12/15,1.130,1.139,1.126,1.127,73029528,82789848.00
2021/12/16,1.127,1.135,1.125,1.130,56710875,64117404.00
2021/12/17,1.131,1.131,1.118,1.122,44072797,49473728.00
2021/12/20,1.118,1.123,1.092,1.094,47322700,52224816.00
2021/12/21,1.094,1.114,1.094,1.113,89073200,98611344.00
2021/12/22,1.113,1.127,1.109,1.123,29783600,33402976.00
2021/12/23,1.127,1.128,1.117,1.123,45351597,50889524.00
2021/12/24,1.123,1.126,1.101,1.108,88490206,98098248.00
2021/12/27,1.100,1.118,1.100,1.107,31864409,35443648.00
2021/12/28,1.109,1.115,1.103,1.110,31566680,35011232.00
2021/12/29,1.111,1.111,1.097,1.105,33331300,36811844.00
2021/12/30,1.105,1.122,1.105,1.119,31698400,35417072.00
2021/12/31,1.123,1.130,1.110,1.123,46328700,51957976.00
2022/01/04,1.129,1.133,1.118,1.128,42865800,48257568.00
2022/01/05,1.129,1.131,1.102,1.106,30469100,33892528.00
2022/01/06,1.106,1.112,1.092,1.106,25138000,27672742.00
2022/01/07,1.117,1.117,1.091,1.093,46758800,51459528.00
2022/01/10,1.087,1.107,1.080,1.101,95819100,105418552.00
2022/01/11,1.102,1.103,1.076,1.082,24483600,26608968.00
2022/01/12,1.082,1.087,1.076,1.087,25370300,27447060.00
2022/01/13,1.092,1.095,1.069,1.073,27877300,30092756.00
2022/01/14,1.067,1.081,1.062,1.071,64615200,69392592.00
2022/01/17,1.069,1.108,1.069,1.107,43468800,47778972.00
2022/01/18,1.111,1.122,1.100,1.105,60398300,67047832.00
2022/01/19,1.100,1.103,1.085,1.097,49989900,54681232.00
2022/01/20,1.094,1.094,1.075,1.080,34547600,37328848.00
2022/01/21,1.080,1.081,1.055,1.056,38364486,40751360.00
2022/01/24,1.052,1.066,1.049,1.060,27255200,28900526.00
2022/01/25,1.059,1.059,1.020,1.023,40611600,42127200.00
2022/01/26,1.025,1.031,1.016,1.027,30609600,31431084.00
2022/01/27,1.028,1.029,0.995,0.998,33588500,33834492.00
2022/01/28,1.000,1.018,0.992,1.008,32767100,32960236.00
2022/02/07,1.025,1.027,1.004,1.007,24685300,24957610.00
2022/02/08,1.014,1.018,0.993,1.007,32333147,32409732.00
2022/02/09,1.007,1.033,1.006,1.032,79416700,81179440.00
2022/02/10,1.029,1.029,1.016,1.022,45078200,46083724.00
2022/02/11,1.015,1.019,1.003,1.004,37557000,37929380.00
2022/02/14,0.997,1.007,0.991,1.001,51159891,51049716.00
2022/02/15,0.999,1.017,0.996,1.016,34905100,35324176.00
2022/02/16,1.022,1.026,1.018,1.022,34277200,35026180.00
2022/02/17,1.021,1.028,1.014,1.020,29817200,30435116.00
2022/02/18,1.027,1.030,1.018,1.030,32205400,33008476.00
2022/02/21,1.030,1.047,1.030,1.045,43729400,45599552.00
2022/02/22,1.039,1.039,1.020,1.028,45016800,46135976.00
2022/02/23,1.025,1.055,1.025,1.054,46715200,48845428.00
2022/02/24,1.041,1.053,1.016,1.030,64725965,67094988.00
2022/02/25,1.034,1.052,1.034,1.044,32943500,34399148.00
2022/02/28,1.045,1.048,1.029,1.043,30324100,31457716.00
2022/03/01,1.050,1.061,1.043,1.055,54363935,57333320.00
2022/03/02,1.052,1.054,1.037,1.050,41069635,42948884.00
2022/03/03,1.051,1.056,1.030,1.034,38083300,39512672.00
2022/03/04,1.023,1.035,1.017,1.019,77846700,79933464.00
2022/03/07,1.013,1.017,0.978,0.981,51719100,51220152.00
2022/03/08,0.981,0.987,0.955,0.967,38041200,36892392.00
2022/03/09,0.971,0.974,0.911,0.947,81598700,77318568.00
2022/03/10,0.956,0.972,0.954,0.955,67441200,64696920.00
2022/03/11,0.949,0.970,0.936,0.970,33374700,31721132.00
2022/03/14,0.960,0.965,0.940,0.941,26387800,25085292.00
2022/03/15,0.941,0.941,0.890,0.891,34657600,31575072.00
2022/03/16,0.909,0.931,0.879,0.929,29170800,26282742.00
2022/03/17,0.933,0.954,0.933,0.943,37946200,35868376.00
2022/03/18,0.935,0.945,0.931,0.944,33559800,31511900.00
2022/03/21,0.946,0.955,0.937,0.948,39714900,37572268.00
2022/03/22,0.940,0.950,0.938,0.942,27370000,25771594.00
2022/03/23,0.945,0.995,0.942,0.980,193117800,188377872.00
2022/03/24,0.968,0.971,0.945,0.946,127399100,121797328.00
2022/03/25,0.943,0.948,0.929,0.930,64754400,60635968.00
2022/03/28,0.922,0.928,0.907,0.925,36650600,33663840.00
2022/03/29,0.925,0.930,0.904,0.909,60668400,55234980.00
2022/03/30,0.910,0.923,0.910,0.922,37361100,34257824.00
2022/03/31,0.920,0.920,0.906,0.909,25898000,23572316.00
2022/04/01,0.903,0.910,0.899,0.907,22357100,20249124.00
2022/04/06,0.912,0.913,0.892,0.896,32954400,29548020.00
2022/04/07,0.893,0.896,0.874,0.875,40344500,35615408.00
2022/04/08,0.874,0.879,0.858,0.874,36652600,31785670.00
2022/04/11,0.875,0.875,0.827,0.832,56130100,47398308.00
2022/04/12,0.832,0.847,0.820,0.846,51565100,42732716.00
2022/04/13,0.841,0.841,0.826,0.828,30320800,25235198.00
2022/04/14,0.838,0.838,0.823,0.827,38562700,31966736.00
2022/04/15,0.821,0.826,0.813,0.820,38707900,31684396.00
2022/04/18,0.818,0.845,0.809,0.844,45995900,38142040.00
2022/04/19,0.837,0.846,0.831,0.835,31906200,26690936.00
2022/04/20,0.837,0.840,0.824,0.826,30114000,25118254.00
2022/04/21,0.823,0.831,0.802,0.809,37894100,30991128.00
2022/04/22,0.805,0.808,0.791,0.797,50220800,40179960.00
2022/04/25,0.792,0.792,0.749,0.751,47901700,36947608.00
2022/04/26,0.752,0.762,0.733,0.736,42884000,32231486.00
2022/04/27,0.722,0.766,0.722,0.764,53253500,39628968.00
2022/04/28,0.757,0.768,0.750,0.759,39431600,29860448.00
2022/04/29,0.758,0.793,0.758,0.790,50778400,39479440.00
2022/05/05,0.786,0.803,0.786,0.793,42793500,34017368.00
2022/05/06,0.780,0.784,0.770,0.778,35907400,27918428.00
2022/05/09,0.770,0.785,0.770,0.779,25579600,19954200.00
2022/05/10,0.770,0.800,0.767,0.797,36113000,28636920.00
2022/05/11,0.794,0.821,0.794,0.801,45244200,36781700.00
2022/05/12,0.800,0.811,0.798,0.808,42536100,34257624.00
2022/05/13,0.809,0.813,0.800,0.809,34454000,27801928.00
2022/05/16,0.812,0.817,0.798,0.802,30865800,24844332.00
2022/05/17,0.796,0.810,0.794,0.809,29587900,23772576.00
2022/05/18,0.809,0.818,0.806,0.812,36376800,29493580.00
2022/05/19,0.805,0.822,0.799,0.822,37366200,30395204.00
2022/05/20,0.822,0.832,0.818,0.831,33805300,27903696.00
2022/05/23,0.826,0.834,0.823,0.834,34884000,28915840.00
2022/05/24,0.830,0.837,0.800,0.802,39727600,32656744.00
2022/05/25,0.799,0.810,0.795,0.810,38911100,31131344.00
2022/05/26,0.806,0.833,0.795,0.825,60047800,49210792.00
2022/05/27,0.828,0.833,0.812,0.820,38623300,31753538.00
2022/05/30,0.820,0.827,0.814,0.826,43924500,36055648.00
2022/05/31,0.825,0.847,0.823,0.847,65051690,54441908.00
2022/06/01,0.843,0.855,0.841,0.854,40800800,34696304.00
2022/06/02,0.847,0.875,0.846,0.871,39996600,34503348.00
2022/06/06,0.870,0.888,0.869,0.885,43829900,38569788.00
2022/06/07,0.881,0.886,0.875,0.880,55905600,49175112.00
2022/06/08,0.879,0.886,0.865,0.877,52821000,46180764.00
2022/06/09,0.877,0.877,0.852,0.859,33113600,28567816.00
2022/06/10,0.851,0.871,0.850,0.869,37436800,32380716.00
2022/06/13,0.869,0.879,0.860,0.877,45254881,39514896.00
2022/06/14,0.862,0.873,0.839,0.865,56700200,48420252.00
2022/06/15,0.861,0.891,0.860,0.872,65488500,57624388.00
2022/06/16,0.872,0.891,0.868,0.883,67665300,59916600.00
2022/06/17,0.875,0.895,0.873,0.893,36915500,32739476.00
2022/06/20,0.897,0.905,0.891,0.896,36517100,32791528.00
2022/06/21,0.892,0.900,0.881,0.888,69537200,61978980.00
2022/06/22,0.892,0.893,0.865,0.865,35553001,31134100.00
2022/06/23,0.865,0.884,0.862,0.883,73552300,64010004.00
2022/06/24,0.884,0.907,0.884,0.906,44698911,40250796.00
2022/06/27,0.909,0.914,0.902,0.909,37321611,33926860.00
2022/06/28,0.915,0.936,0.901,0.935,97033318,89532016.00
2022/06/29,0.933,0.942,0.913,0.918,49594900,46204904.00
2022/06/30,0.918,0.936,0.916,0.932,60516400,56208640.00
2022/07/01,0.932,0.933,0.917,0.922,33007900,30546516.00
2022/07/04,0.921,0.921,0.905,0.915,127116600,116082704.00
2022/07/05,0.915,0.921,0.897,0.907,45582586,41309640.00
2022/07/06,0.903,0.920,0.898,0.910,75218216,68323368.00
2022/07/07,0.901,0.917,0.898,0.916,47788716,43555596.00
2022/07/08,0.916,0.929,0.916,0.919,46973200,43331296.00
2022/07/11,0.919,0.919,0.892,0.901,46475500,41855280.00
2022/07/12,0.900,0.905,0.881,0.882,47202000,42098504.00
2022/07/13,0.882,0.897,0.881,0.891,26763000,23845656.00
2022/07/14,0.889,0.920,0.889,0.912,44764700,40847584.00
2022/07/15,0.905,0.923,0.902,0.907,44388800,40586884.00
2022/07/18,0.907,0.927,0.903,0.927,50204000,45994280.00
2022/07/19,0.927,0.944,0.926,0.943,80711600,75733176.00
2022/07/20,0.943,0.955,0.939,0.954,64930800,61611916.00
2022/07/21,0.951,0.959,0.943,0.943,47732400,45437208.00
2022/07/22,0.947,0.951,0.927,0.936,60793600,56969924.00
2022/07/25,0.936,0.937,0.913,0.920,42072600,38823128.00
2022/07/26,0.914,0.926,0.913,0.926,34619100,31873952.00
2022/07/27,0.924,0.929,0.916,0.927,38569400,35634408.00
2022/07/28,0.930,0.946,0.930,0.932,40362300,37840724.00
2022/07/29,0.932,0.940,0.924,0.925,45715700,42537408.00
2022/08/01,0.920,0.942,0.916,0.940,73344200,68487144.00
2022/08/02,0.930,0.936,0.909,0.919,59570800,54911352.00
2022/08/03,0.919,0.945,0.919,0.929,51323500,48150232.00
2022/08/04,0.934,0.937,0.922,0.933,41646300,38723848.00
2022/08/05,0.935,0.966,0.932,0.965,51140600,48637624.00
2022/08/08,0.964,0.965,0.954,0.962,33397000,32042396.00
2022/08/09,0.962,0.972,0.952,0.972,53195700,51169096.00
2022/08/10,0.963,0.971,0.960,0.964,42369800,40889668.00
2022/08/11,0.964,0.989,0.964,0.988,63851500,62718540.00
2022/08/12,0.987,0.987,0.961,0.961,48238200,46854048.00
2022/08/15,0.962,0.967,0.954,0.967,52784700,50825688.00
2022/08/16,0.967,0.974,0.959,0.964,46979800,45396676.00
2022/08/17,0.960,0.976,0.960,0.975,38771100,37484332.00
2022/08/18,0.971,0.994,0.970,0.993,55302300,54547568.00
2022/08/19,0.990,0.998,0.968,0.968,48126600,47376908.00
2022/08/22,0.971,0.974,0.958,0.972,40543000,39283364.00
2022/08/23,0.978,0.978,0.959,0.963,45241700,43639912.00
2022/08/24,0.958,0.965,0.928,0.929,60632500,56904712.00
2022/08/25,0.928,0.933,0.911,0.918,42610600,39134472.00
2022/08/26,0.918,0.935,0.917,0.918,43824800,40678048.00
2022/08/29,0.904,0.927,0.904,0.923,43314700,39873616.00
2022/08/30,0.922,0.944,0.922,0.936,45452300,42475600.00
2022/08/31,0.934,0.935,0.901,0.905,47321900,43051468.00
2022/09/01,0.901,0.922,0.900,0.907,59208600,53898544.00
2022/09/02,0.907,0.937,0.905,0.927,100329700,92967680.00
2022/09/05,0.927,0.931,0.916,0.926,48921400,45181864.00
2022/09/06,0.924,0.942,0.921,0.941,46087200,42919360.00
2022/09/07,0.941,0.950,0.932,0.941,49905300,47128044.00
2022/09/08,0.940,0.948,0.933,0.937,40895200,38408224.00
2022/09/09,0.937,0.937,0.921,0.929,36647000,34026632.00
2022/09/13,0.930,0.939,0.927,0.931,31716100,29553428.00
2022/09/14,0.920,0.926,0.915,0.921,41217400,37922752.00
2022/09/15,0.919,0.923,0.884,0.894,52928400,47607696.00
2022/09/16,0.887,0.900,0.877,0.878,37758600,33727988.00
2022/09/19,0.878,0.879,0.860,0.864,45558700,39591616.00
2022/09/20,0.873,0.875,0.861,0.865,54906700,47606040.00
2022/09/21,0.864,0.864,0.844,0.857,45273100,38801816.00
2022/09/22,0.852,0.867,0.849,0.857,38006900,32602378.00
2022/09/23,0.854,0.858,0.831,0.839,36563500,30775056.00
2022/09/26,0.831,0.850,0.830,0.836,31890800,26889012.00
2022/09/27,0.838,0.860,0.838,0.858,44446000,37863560.00
2022/09/28,0.858,0.858,0.832,0.833,46422200,39031292.00
2022/09/29,0.838,0.844,0.826,0.831,31900600,26650964.00
2022/09/30,0.829,0.831,0.815,0.816,43584100,35793068.00
2022/10/10,0.810,0.817,0.785,0.789,51380700,40930644.00
2022/10/11,0.797,0.807,0.789,0.800,42241100,33706636.00
2022/10/12,0.801,0.834,0.794,0.833,85752600,69878736.00
2022/10/13,0.833,0.850,0.827,0.839,52757500,44504076.00
2022/10/14,0.839,0.855,0.838,0.849,55939100,47386900.00
2022/10/17,0.849,0.861,0.845,0.855,76364400,65276180.00
2022/10/18,0.855,0.872,0.853,0.865,41945400,36230272.00
2022/10/19,0.862,0.865,0.851,0.851,36983400,31762716.00
2022/10/20,0.848,0.864,0.839,0.852,50966400,43522912.00
2022/10/21,0.859,0.867,0.852,0.862,44154700,37966964.00
2022/10/24,0.862,0.879,0.847,0.859,54080400,46764628.00
2022/10/25,0.855,0.866,0.845,0.855,42176900,36037504.00
2022/10/26,0.850,0.878,0.846,0.869,39364400,34145712.00
2022/10/27,0.872,0.878,0.856,0.860,40431000,34930792.00
2022/10/28,0.856,0.864,0.835,0.838,62671000,53438224.00
2022/10/31,0.831,0.870,0.831,0.861,54021597,46560844.00
2022/11/01,0.861,0.866,0.845,0.865,73131600,62692312.00
2022/11/02,0.866,0.873,0.855,0.870,109540400,95014336.00
2022/11/03,0.860,0.875,0.858,0.872,62129400,53877712.00
2022/11/04,0.871,0.889,0.868,0.884,86481400,76186464.00
2022/11/07,0.883,0.883,0.862,0.880,88733500,77445072.00
2022/11/08,0.873,0.883,0.870,0.881,35474200,31104084.00
2022/11/09,0.879,0.881,0.866,0.868,76498000,66687088.00
2022/11/10,0.866,0.869,0.853,0.857,41648700,35845100.00
2022/11/11,0.873,0.882,0.868,0.873,53018300,46391160.00
2022/11/14,0.872,0.885,0.866,0.872,46651300,40673968.00
2022/11/15,0.869,0.900,0.866,0.898,61044700,54328312.00
2022/11/16,0.904,0.905,0.887,0.892,37765200,33766576.00
2022/11/17,0.888,0.898,0.876,0.897,63739800,56486484.00
2022/11/18,0.898,0.902,0.886,0.889,35454733,31752222.00
2022/11/21,0.881,0.888,0.875,0.884,41889700,36901108.00
2022/11/22,0.884,0.891,0.873,0.877,53552567,47269296.00
2022/11/23,0.877,0.877,0.854,0.871,47790900,41295900.00
2022/11/24,0.869,0.879,0.864,0.865,37244600,32424284.00
2022/11/25,0.857,0.864,0.839,0.841,117815900,99850208.00
2022/11/28,0.833,0.839,0.824,0.836,46475700,38729348.00
2022/11/29,0.836,0.852,0.835,0.850,45787000,38651128.00
2022/11/30,0.850,0.855,0.844,0.851,37665800,32033392.00
2022/12/01,0.860,0.873,0.857,0.863,51040700,44217860.00
2022/12/02,0.858,0.876,0.858,0.868,45897500,39899952.00
2022/12/05,0.877,0.880,0.866,0.878,57489816,50175748.00
2022/12/06,0.878,0.881,0.871,0.876,44598000,39082732.00
2022/12/07,0.873,0.873,0.861,0.864,43865928,38014088.00
2022/12/08,0.861,0.864,0.856,0.858,31681100,27230112.00
2022/12/09,0.858,0.861,0.849,0.855,44363200,37859816.00
2022/12/12,0.854,0.866,0.848,0.862,38121900,32730340.00
2022/12/13,0.857,0.860,0.848,0.849,37863400,32326328.00
2022/12/14,0.850,0.856,0.841,0.845,30760000,26098400.00
2022/12/15,0.845,0.853,0.839,0.849,36911526,31324468.00
2022/12/16,0.847,0.847,0.832,0.833,44751726,37412620.00
2022/12/19,0.833,0.837,0.819,0.822,32771900,27072124.00
2022/12/20,0.822,0.830,0.819,0.824,32632900,26888606.00
2022/12/21,0.824,0.826,0.811,0.815,37194300,30360412.00
2022/12/22,0.815,0.819,0.797,0.799,45497200,36629584.00
2022/12/23,0.794,0.803,0.788,0.795,53884300,42835088.00
2022/12/26,0.798,0.814,0.797,0.814,38227500,30866756.00
2022/12/27,0.814,0.823,0.811,0.822,36017300,29481062.00
2022/12/28,0.819,0.821,0.813,0.815,28342600,23152262.00
2022/12/29,0.812,0.824,0.812,0.817,29401500,24125812.00
2022/12/30,0.817,0.827,0.817,0.823,37429300,30835528.00
2023/01/03,0.820,0.849,0.818,0.848,51643300,43282268.00
2023/01/04,0.848,0.852,0.838,0.849,45366300,38465880.00
2023/01/05,0.845,0.855,0.845,0.854,37876698,32242820.00
2023/01/06,0.853,0.856,0.847,0.847,45577900,38816056.00
2023/01/09,0.851,0.857,0.844,0.847,38084000,32316818.00
2023/01/10,0.854,0.854,0.844,0.847,38924200,33000404.00
2023/01/11,0.848,0.854,0.842,0.842,41383600,35083752.00
2023/01/12,0.846,0.851,0.843,0.847,33111700,28037528.00
2023/01/13,0.847,0.851,0.837,0.846,33792400,28447570.00
2023/01/16,0.847,0.862,0.846,0.857,56445800,48376264.00
2023/01/17,0.860,0.865,0.856,0.860,36863200,31686460.00
2023/01/18,0.864,0.867,0.857,0.864,50317400,43457792.00
2023/01/19,0.860,0.867,0.854,0.866,41094500,35368568.00
2023/01/20,0.868,0.877,0.866,0.873,38392200,33495504.00
2023/01/30,0.884,0.889,0.877,0.879,43819800,38659032.00
2023/01/31,0.879,0.885,0.875,0.877,35536000,31206036.00
2023/02/01,0.877,0.893,0.874,0.892,48867400,43244756.00
2023/02/02,0.892,0.901,0.887,0.889,38688900,34586984.00
2023/02/03,0.889,0.895,0.877,0.893,52770100,46798728.00
2023/02/06,0.892,0.905,0.889,0.894,117251000,105106000.00
2023/02/07,0.893,0.903,0.892,0.902,64154600,57683712.00
2023/02/08,0.904,0.908,0.890,0.893,46455100,41597524.00
2023/02/09,0.889,0.924,0.884,0.922,69318400,63076892.00
2023/02/10,0.922,0.943,0.919,0.928,88859000,82807360.00
2023/02/13,0.934,0.934,0.922,0.932,50421900,46757264.00
2023/02/14,0.930,0.936,0.922,0.925,46361900,42994772.00
2023/02/15,0.925,0.952,0.924,0.948,79767400,75275032.00
2023/02/16,0.946,0.961,0.925,0.932,143704100,135535424.00
2023/02/17,0.928,0.934,0.903,0.907,91394730,83406064.00
2023/02/20,0.897,0.924,0.897,0.923,78077300,71187336.00
2023/02/21,0.923,0.939,0.919,0.927,53519100,49723416.00
2023/02/22,0.925,0.935,0.917,0.932,63843755,59144292.00
2023/02/23,0.926,0.930,0.915,0.921,54939100,50688672.00
2023/02/24,0.921,0.933,0.919,0.927,64516460,59821188.00
2023/02/27,0.923,0.932,0.919,0.926,58314435,53948872.00
2023/02/28,0.934,0.951,0.925,0.932,205800800,192498976.00
2023/03/01,0.932,0.961,0.930,0.957,97383700,92516544.00
2023/03/02,0.956,0.980,0.951,0.964,203314000,196946592.00
2023/03/03,0.963,0.964,0.946,0.962,100348167,95873880.00
2023/03/06,0.960,0.980,0.960,0.969,86389435,84051760.00
2023/03/07,0.963,0.966,0.932,0.936,103985800,98612008.00
2023/03/08,0.926,0.955,0.926,0.953,100886431,95436328.00
2023/03/09,0.949,0.969,0.940,0.962,114192322,109002592.00
2023/03/10,0.955,0.960,0.941,0.946,102289063,97288488.00
2023/03/13,0.937,0.971,0.918,0.969,152054645,146054016.00
2023/03/14,0.966,0.970,0.949,0.962,76969577,74020512.00
2023/03/15,0.964,0.973,0.953,0.956,102143400,97992256.00
2023/03/16,0.950,0.958,0.940,0.944,92438300,87830464.00
2023/03/17,0.950,0.990,0.950,0.984,136339131,133296208.00
2023/03/20,0.992,1.017,0.991,0.997,150042800,150732704.00
2023/03/21,0.997,1.004,0.988,1.003,78611972,78324952.00
2023/03/22,1.003,1.053,1.002,1.050,172141572,177863312.00
2023/03/23,1.047,1.088,1.045,1.086,156626700,168210608.00
2023/03/24,1.082,1.088,1.062,1.087,197901500,213577584.00
2023/03/27,1.082,1.098,1.062,1.086,212976433,230039648.00
2023/03/28,1.076,1.080,1.052,1.057,138888700,148164176.00
2023/03/29,1.057,1.073,1.046,1.061,173885200,184322240.00
2023/03/30,1.058,1.062,1.021,1.040,129753000,135053536.00
2023/03/31,1.041,1.064,1.027,1.063,145010000,151336656.00
2023/04/03,1.060,1.104,1.057,1.103,164478900,177656896.00
2023/04/04,1.095,1.112,1.088,1.103,117080647,128919280.00
2023/04/06,1.089,1.156,1.089,1.143,160491182,181826032.00
2023/04/07,1.153,1.170,1.144,1.168,191979000,222487424.00
2023/04/10,1.166,1.178,1.117,1.125,211742100,242620128.00
2023/04/11,1.120,1.134,1.103,1.127,167007400,186956944.00
2023/04/12,1.123,1.170,1.120,1.159,159235300,183538368.00
2023/04/13,1.147,1.158,1.102,1.110,184434600,206638592.00
2023/04/14,1.111,1.120,1.088,1.116,133688481,148277520.00
2023/04/17,1.112,1.112,1.090,1.099,121918175,133672040.00
2023/04/18,1.098,1.151,1.088,1.137,215121700,241181520.00
2023/04/19,1.134,1.159,1.118,1.120,202557233,231155104.00
2023/04/20,1.123,1.173,1.123,1.173,179278333,207487072.00
2023/04/21,1.172,1.172,1.113,1.113,168294128,191712352.00
2023/04/24,1.115,1.152,1.115,1.138,187092933,212334288.00
2023/04/25,1.125,1.131,1.080,1.094,316888200,347809664.00
2023/04/26,1.088,1.099,1.048,1.055,184044300,196754288.00
2023/04/27,1.038,1.052,1.026,1.033,175159700,181674176.00
2023/04/28,1.033,1.085,1.031,1.070,163461157,173942128.00
2023/05/04,1.062,1.069,1.033,1.047,97834400,102243304.00
2023/05/05,1.042,1.045,1.006,1.013,154061600,157343312.00
2023/05/08,1.013,1.036,1.001,1.034,125883900,129181288.00
2023/05/09,1.025,1.054,1.021,1.021,224409800,232284064.00
2023/05/10,1.016,1.037,1.001,1.010,132986200,135368128.00
2023/05/11,1.009,1.020,1.001,1.005,108968596,109876640.00
2023/05/12,1.002,1.014,0.994,0.997,67652100,67876528.00
2023/05/15,1.000,1.020,0.980,1.018,171750500,171256432.00
2023/05/16,1.018,1.018,0.998,1.003,96891720,97436512.00
2023/05/17,0.996,1.025,0.996,1.022,90931820,92439424.00
2023/05/18,1.038,1.078,1.033,1.075,176918900,188592160.00
2023/05/19,1.060,1.079,1.059,1.069,632741520,677948928.00
2023/05/22,1.065,1.068,1.037,1.044,121928300,128064392.00
2023/05/23,1.042,1.046,1.025,1.025,116370100,120306848.00
2023/05/24,1.020,1.050,1.015,1.029,135024700,139618016.00
2023/05/25,1.057,1.078,1.033,1.058,307509099,324237760.00
2023/05/26,1.055,1.081,1.048,1.073,180523164,193442592.00
2023/05/29,1.084,1.111,1.084,1.092,182189400,199891232.00
2023/05/30,1.090,1.120,1.079,1.116,210377762,231272736.00
2023/05/31,1.107,1.128,1.104,1.124,153644400,171482800.00
2023/06/01,1.114,1.142,1.108,1.133,142003223,160362800.00
2023/06/02,1.139,1.144,1.128,1.135,115927288,131577512.00
2023/06/05,1.134,1.172,1.130,1.157,152067200,175786000.00
2023/06/06,1.152,1.163,1.121,1.125,235688539,269063296.00
2023/06/07,1.120,1.143,1.118,1.129,110273539,124783952.00
2023/06/08,1.120,1.122,1.098,1.111,173539450,192994672.00
2023/06/09,1.111,1.164,1.103,1.157,209248800,237315696.00
2023/06/12,1.156,1.177,1.148,1.168,171752700,200612688.00
2023/06/13,1.159,1.195,1.153,1.194,165620900,195399552.00
2023/06/14,1.191,1.229,1.183,1.219,326510200,394895936.00
2023/06/15,1.218,1.257,1.218,1.228,202778100,250386736.00
2023/06/16,1.213,1.292,1.213,1.290,372173000,465734816.00
2023/06/19,1.295,1.358,1.288,1.354,275285408,364331232.00
2023/06/20,1.337,1.375,1.319,1.374,288626486,387665280.00
2023/06/21,1.361,1.363,1.312,1.315,230863068,306728704.00
2023/06/26,1.294,1.315,1.254,1.266,281003055,358780896.00
2023/06/27,1.263,1.283,1.247,1.276,179117100,226584864.00
2023/06/28,1.264,1.264,1.210,1.237,286707200,353102656.00
2023/06/29,1.235,1.288,1.235,1.283,191217500,241539728.00
2023/06/30,1.275,1.327,1.266,1.310,202953850,262819616.00
2023/07/03,1.314,1.319,1.262,1.296,209972905,270993024.00
2023/07/04,1.288,1.320,1.283,1.306,138693400,181025872.00
2023/07/05,1.300,1.307,1.268,1.273,204949923,262898432.00
2023/07/06,1.269,1.304,1.262,1.278,175036394,225942768.00
2023/07/07,1.268,1.287,1.239,1.273,149451100,189449072.00
2023/07/10,1.274,1.278,1.240,1.256,134748760,169131440.00
2023/07/11,1.255,1.285,1.252,1.279,134098300,170323264.00
2023/07/12,1.276,1.276,1.213,1.216,485736300,599077568.00
2023/07/13,1.222,1.266,1.219,1.262,183610900,227074528.00
2023/07/14,1.281,1.318,1.275,1.305,182760491,236601648.00
2023/07/17,1.292,1.321,1.291,1.311,169604400,221549120.00
2023/07/18,1.304,1.309,1.273,1.276,131089800,169004176.00
2023/07/19,1.282,1.292,1.261,1.263,93031223,118346000.00
2023/07/20,1.263,1.264,1.190,1.198,178062531,217892336.00
2023/07/21,1.190,1.202,1.178,1.195,124523028,148426896.00
2023/07/24,1.184,1.230,1.183,1.204,174734600,211138016.00
2023/07/25,1.212,1.238,1.199,1.217,176316632,214527968.00
2023/07/26,1.212,1.212,1.178,1.189,134229707,160012288.00
2023/07/27,1.183,1.194,1.167,1.175,160288177,189379520.00
2023/07/28,1.170,1.188,1.165,1.178,214343573,252031392.00
2023/07/31,1.167,1.192,1.167,1.178,133875600,158134256.00
2023/08/01,1.170,1.207,1.164,1.203,227529456,271120768.00
2023/08/02,1.197,1.211,1.192,1.200,96466500,115872432.00
2023/08/03,1.190,1.205,1.179,1.190,138373700,164640928.00
2023/08/04,1.183,1.232,1.183,1.230,227603109,276160448.00
2023/08/07,1.230,1.264,1.212,1.224,321810700,398663904.00
2023/08/08,1.218,1.233,1.203,1.204,187691291,228064112.00
2023/08/09,1.195,1.200,1.162,1.168,230713000,271928480.00
2023/08/10,1.156,1.164,1.143,1.152,140070891,161240800.00
2023/08/11,1.153,1.162,1.132,1.135,94237000,108253360.00
2023/08/14,1.124,1.144,1.118,1.143,121165600,136832032.00
2023/08/15,1.153,1.164,1.124,1.133,144338300,165405632.00
2023/08/16,1.122,1.127,1.102,1.109,156498800,174015504.00
2023/08/17,1.103,1.129,1.090,1.122,167329000,186715456.00
2023/08/18,1.121,1.122,1.085,1.086,129146100,142008512.00
2023/08/21,1.082,1.111,1.082,1.089,143976300,157893488.00
2023/08/22,1.103,1.137,1.092,1.136,214758800,239700784.00
2023/08/23,1.126,1.126,1.088,1.091,180594800,198794992.00
2023/08/24,1.111,1.123,1.090,1.099,186986300,206649376.00
2023/08/25,1.077,1.077,1.039,1.045,151687100,160124416.00
2023/08/28,1.100,1.102,1.062,1.063,191859400,206817472.00
2023/08/29,1.060,1.111,1.053,1.104,160584100,174797824.00
2023/08/30,1.107,1.139,1.106,1.122,156162517,175552704.00
2023/08/31,1.118,1.131,1.111,1.124,155396200,174509392.00
2023/09/01,1.120,1.123,1.097,1.106,108363700,120022624.00
2023/09/04,1.107,1.122,1.100,1.121,143591600,159500752.00
2023/09/05,1.118,1.118,1.096,1.102,132834600,146625040.00
2023/09/06,1.093,1.110,1.081,1.106,113442337,124086064.00
2023/09/07,1.106,1.106,1.076,1.078,107640637,116935584.00
2023/09/08,1.068,1.092,1.061,1.085,120668691,130371312.00
2023/09/11,1.086,1.125,1.082,1.111,154575900,170354224.00
2023/09/12,1.102,1.120,1.098,1.110,90679400,100580648.00
2023/09/13,1.095,1.106,1.076,1.084,117788700,128098328.00
2023/09/14,1.083,1.104,1.079,1.085,116670958,127411056.00
2023/09/15,1.085,1.086,1.057,1.064,103033400,110152952.00
2023/09/18,1.056,1.073,1.052,1.055,127178300,134855536.00
2023/09/19,1.051,1.057,1.032,1.043,102457014,106857568.00
2023/09/20,1.042,1.061,1.040,1.040,134328514,140984192.00
2023/09/21,1.034,1.064,1.033,1.046,132366600,139238992.00
2023/09/22,1.041,1.111,1.040,1.110,253935888,275173056.00
2023/09/25,1.109,1.110,1.086,1.093,173092817,190005424.00
2023/09/26,1.093,1.114,1.088,1.096,199637700,219752496.00
2023/09/27,1.088,1.108,1.088,1.101,127673277,140328064.00
2023/09/28,1.104,1.123,1.103,1.117,183032103,203878896.00
2023/10/09,1.109,1.120,1.097,1.112,180382533,200211344.00
2023/10/10,1.112,1.123,1.107,1.119,108343400,120801936.00
2023/10/11,1.119,1.141,1.113,1.132,167153200,188702672.00
2023/10/12,1.134,1.137,1.117,1.122,123062400,138243312.00
2023/10/13,1.114,1.120,1.102,1.107,109830027,121914712.00
2023/10/16,1.102,1.106,1.083,1.091,111423477,121928840.00
2023/10/17,1.090,1.100,1.078,1.092,84296804,91743976.00
2023/10/18,1.076,1.077,1.050,1.063,140033991,148644112.00
2023/10/19,1.051,1.068,1.043,1.046,96592662,101956152.00
2023/10/20,1.040,1.053,1.016,1.017,126361456,129914520.00
2023/10/23,1.004,1.014,0.980,0.988,146919470,146366384.00
2023/10/24,0.992,1.006,0.978,0.990,95568511,94712584.00
2023/10/25,0.986,0.997,0.977,0.981,118992600,117545784.00
2023/10/26,0.975,1.004,0.972,1.001,123811175,122452232.00
2023/10/27,0.992,1.004,0.981,1.002,134261450,133157840.00
2023/10/30,0.996,1.020,0.990,1.017,170332246,171302880.00
2023/10/31,1.013,1.016,0.992,1.001,111579823,111710568.00
2023/11/01,1.001,1.008,0.989,0.993,80903900,80557400.00
2023/11/02,1.000,1.002,0.983,0.983,76667300,76181992.00
2023/11/03,0.983,1.014,0.983,1.009,165485800,166344672.00
2023/11/06,1.017,1.034,1.011,1.033,175861200,180117088.00
2023/11/07,1.031,1.065,1.020,1.054,226916700,236540960.00
2023/11/08,1.051,1.060,1.041,1.052,182940400,192088496.00
2023/11/09,1.052,1.066,1.043,1.056,145577700,153485600.00
2023/11/10,1.049,1.063,1.045,1.048,110046000,115912136.00
2023/11/13,1.058,1.085,1.058,1.076,180689900,193907040.00
2023/11/14,1.077,1.091,1.071,1.083,93332500,100839312.00
2023/11/15,1.094,1.097,1.069,1.082,114633000,123657872.00
2023/11/16,1.078,1.081,1.061,1.062,102916600,110316488.00
2023/11/17,1.056,1.085,1.056,1.082,149000993,159776896.00
2023/11/20,1.082,1.088,1.067,1.080,104847000,112999040.00
2023/11/21,1.081,1.088,1.062,1.068,81718900,87793384.00
2023/11/22,1.062,1.063,1.037,1.039,107566292,112698304.00
2023/11/23,1.035,1.050,1.029,1.047,83574900,86901368.00
2023/11/24,1.049,1.049,1.020,1.025,129556100,133402072.00
2023/11/27,1.023,1.036,1.019,1.031,68918100,70772624.00
2023/11/28,1.027,1.032,1.018,1.029,59710800,61202296.00
2023/11/29,1.025,1.033,1.019,1.022,66264700,67967160.00
2023/11/30,1.020,1.024,1.009,1.019,64255210,65369568.00
2023/12/01,1.016,1.048,1.011,1.042,114764510,118264968.00
2023/12/04,1.042,1.053,1.032,1.036,120003900,125222032.00
2023/12/05,1.032,1.034,1.008,1.009,93345960,95644456.00
2023/12/06,1.004,1.016,1.002,1.006,66990800,67509200.00
2023/12/07,1.008,1.023,1.003,1.018,111417447,112929264.00
2023/12/08,1.019,1.073,1.014,1.063,250049800,263282656.00
2023/12/11,1.056,1.077,1.042,1.076,175934300,186120384.00
2023/12/12,1.070,1.075,1.050,1.060,187994483,200127456.00
2023/12/13,1.057,1.061,1.042,1.042,122947800,129480400.00
2023/12/14,1.050,1.065,1.038,1.043,188551500,198139824.00
2023/12/15,1.042,1.047,1.022,1.029,122930500,126997760.00
2023/12/18,1.022,1.032,1.017,1.020,98878500,101280640.00
2023/12/19,1.016,1.026,1.009,1.021,80582000,81878496.00
2023/12/20,1.021,1.022,0.993,0.995,155666100,156359056.00
2023/12/21,0.987,1.022,0.984,1.009,134297200,134392688.00
2023/12/22,1.001,1.016,0.992,0.995,117380000,117881856.00
2023/12/25,0.994,1.010,0.992,1.002,87881700,88055544.00
2023/12/26,1.002,1.002,0.972,0.979,93398400,91766208.00
2023/12/27,0.980,0.989,0.975,0.985,100908600,99128696.00
2023/12/28,0.980,1.020,0.980,1.017,119731900,120059664.00
2023/12/29,1.015,1.039,1.010,1.034,163309200,168757456.00
2024/01/02,1.032,1.035,1.011,1.012,91781465,93843656.00
2024/01/03,1.008,1.011,0.987,0.993,110856865,110774128.00
2024/01/04,0.993,0.995,0.979,0.984,72131500,71005632.00
2024/01/05,0.982,0.984,0.950,0.958,135716600,131159904.00
2024/01/08,0.954,0.955,0.932,0.933,93605600,88187136.00
2024/01/09,0.942,0.953,0.933,0.940,89586500,84709576.00
2024/01/10,0.934,0.943,0.917,0.925,91377700,84852776.00
2024/01/11,0.925,0.954,0.925,0.952,102989000,97103288.00
2024/01/12,0.946,0.946,0.929,0.932,80154900,75081608.00
2024/01/15,0.922,0.943,0.921,0.933,74323200,69348864.00
2024/01/16,0.930,0.937,0.919,0.935,74713500,69352096.00
2024/01/17,0.929,0.939,0.917,0.918,85645300,79913848.00
2024/01/18,0.907,0.962,0.905,0.956,224814600,208979648.00
2024/01/19,0.950,0.963,0.948,0.950,134525728,128551936.00
2024/01/22,0.961,0.965,0.916,0.922,196023891,186102368.00
2024/01/23,0.919,0.957,0.914,0.950,160499100,151043856.00
2024/01/24,0.952,0.959,0.916,0.957,193453500,182105408.00
2024/01/25,0.953,0.990,0.946,0.990,169669400,164593904.00
2024/01/26,0.976,0.982,0.958,0.962,153966300,149429376.00
2024/01/29,0.960,0.960,0.910,0.912,168994700,156126752.00
2024/01/30,0.903,0.912,0.882,0.883,161352499,145247824.00
2024/01/31,0.873,0.888,0.860,0.860,124271199,108413176.00
2024/02/01,0.848,0.909,0.846,0.887,251078544,221644528.00
2024/02/02,0.881,0.903,0.841,0.863,145162100,127838536.00
2024/02/05,0.858,0.881,0.820,0.856,160258736,136647328.00
2024/02/06,0.831,0.915,0.830,0.914,197281795,174131536.00
2024/02/07,0.914,0.939,0.907,0.935,145421330,135009712.00
2024/02/08,0.940,0.987,0.940,0.961,150229529,145036672.00
2024/02/19,0.990,1.047,0.976,1.044,337198089,343046848.00
2024/02/20,1.025,1.046,1.012,1.039,255601701,263772688.00
2024/02/21,1.016,1.042,1.009,1.018,272929010,279717248.00
2024/02/22,1.041,1.049,1.021,1.044,266301314,276497184.00
2024/02/23,1.060,1.067,1.037,1.047,213429114,224114944.00
2024/02/26,1.037,1.058,1.029,1.045,195791826,205133280.00
2024/02/27,1.040,1.125,1.036,1.115,369771500,402678496.00
2024/02/28,1.115,1.125,1.046,1.047,396436000,434409056.00
2024/02/29,1.047,1.109,1.046,1.105,328059972,356630592.00
2024/03/01,1.106,1.158,1.105,1.152,428441744,485507264.00
2024/03/04,1.170,1.192,1.142,1.179,352591658,412370016.00
2024/03/05,1.159,1.214,1.151,1.170,455446500,539035200.00
2024/03/06,1.155,1.185,1.154,1.171,308165669,360235776.00
2024/03/07,1.177,1.189,1.141,1.146,364507500,424047744.00
2024/03/08,1.157,1.212,1.147,1.211,577156366,682209536.00
2024/03/11,1.175,1.213,1.165,1.208,496562966,588654784.00
2024/03/12,1.198,1.215,1.174,1.191,383312838,456630528.00
2024/03/13,1.208,1.226,1.187,1.190,443871489,535659712.00
2024/03/14,1.165,1.194,1.162,1.183,366378699,431151360.00
2024/03/15,1.174,1.217,1.165,1.211,404610899,483100608.00
2024/03/18,1.211,1.248,1.210,1.239,329948680,407679616.00
2024/03/19,1.230,1.249,1.216,1.233,288590113,355518304.00
2024/03/20,1.226,1.248,1.211,1.225,306366713,374906784.00
2024/03/21,1.223,1.235,1.213,1.215,252215000,308730880.00
2024/03/22,1.209,1.222,1.191,1.203,264622740,319345856.00
2024/03/25,1.202,1.219,1.178,1.180,226426651,272251232.00
2024/03/26,1.171,1.195,1.132,1.153,332222596,388632192.00
2024/03/27,1.146,1.155,1.106,1.108,284022769,319206976.00
2024/03/28,1.106,1.160,1.106,1.141,293755394,333210208.00
2024/03/29,1.134,1.157,1.118,1.156,289489055,330080128.00
2024/04/01,1.160,1.186,1.156,1.185,256477531,300604928.00
2024/04/02,1.180,1.187,1.156,1.166,237275116,277647840.00
2024/04/03,1.160,1.160,1.126,1.128,242689600,275637728.00
2024/04/08,1.118,1.148,1.115,1.129,265618067,301597824.00
2024/04/09,1.128,1.134,1.108,1.128,180830899,202304272.00
2024/04/10,1.118,1.120,1.088,1.093,207200341,227868464.00
2024/04/11,1.090,1.117,1.090,1.099,211480600,234061552.00
2024/04/12,1.110,1.154,1.109,1.131,321473900,364015584.00
2024/04/15,1.124,1.150,1.121,1.143,222892242,253641552.00
2024/04/16,1.129,1.135,1.104,1.105,220213942,246148720.00
2024/04/17,1.118,1.154,1.115,1.154,284370437,324486624.00
2024/04/18,1.141,1.175,1.126,1.155,273780434,314499712.00
2024/04/19,1.143,1.152,1.111,1.130,253658050,286514432.00
2024/04/22,1.088,1.111,1.070,1.104,241229303,263435616.00
2024/04/23,1.106,1.117,1.091,1.099,151444113,167058816.00
2024/04/24,1.110,1.147,1.097,1.143,308618007,347907840.00
2024/04/25,1.129,1.137,1.120,1.124,224717712,253361888.00
2024/04/26,1.139,1.192,1.139,1.183,405340681,475264224.00
2024/04/29,1.197,1.209,1.191,1.204,261419969,314032128.00
2024/04/30,1.207,1.214,1.188,1.189,225173680,269723648.00
2024/05/06,1.211,1.218,1.188,1.193,212434202,254561072.00
2024/05/07,1.199,1.205,1.165,1.180,283677776,335855744.00
2024/05/08,1.170,1.181,1.162,1.167,185449750,216765344.00
2024/05/09,1.163,1.174,1.152,1.171,266828398,310467232.00
2024/05/10,1.166,1.167,1.146,1.161,216255700,250106112.00
2024/05/13,1.154,1.173,1.153,1.161,215014500,250222944.00
2024/05/14,1.160,1.172,1.140,1.151,231323100,266728944.00
2024/05/15,1.148,1.169,1.141,1.145,211643400,244247376.00
2024/05/16,1.167,1.183,1.157,1.162,424118300,496170528.00
2024/05/17,1.152,1.174,1.143,1.174,287596210,333925888.00
2024/05/20,1.164,1.189,1.150,1.187,297573800,349990848.00
2024/05/21,1.183,1.188,1.172,1.176,266867000,314580160.00
2024/05/22,1.174,1.175,1.162,1.167,155685900,181668544.00
2024/05/23,1.178,1.184,1.142,1.155,315780800,365684736.00
2024/05/24,1.148,1.177,1.121,1.123,337246392,387856256.00
2024/05/27,1.128,1.143,1.121,1.139,202428900,228998544.00
2024/05/28,1.132,1.147,1.120,1.122,272515000,307863840.00
2024/05/29,1.130,1.136,1.114,1.119,129134604,145190704.00
2024/05/30,1.113,1.123,1.102,1.117,135322890,151043824.00
2024/05/31,1.111,1.135,1.103,1.113,127215700,142388288.00
2024/06/03,1.112,1.146,1.112,1.133,270390100,305374400.00
2024/06/04,1.133,1.143,1.123,1.140,179151200,203051632.00
2024/06/05,1.137,1.142,1.123,1.124,126048900,142800112.00
2024/06/06,1.142,1.162,1.128,1.134,288592900,330639040.00
2024/06/07,1.133,1.137,1.096,1.106,236685600,262709424.00
2024/06/11,1.098,1.118,1.098,1.116,122905100,136172048.00
2024/06/12,1.116,1.137,1.114,1.122,121622100,136919424.00
2024/06/13,1.129,1.158,1.123,1.144,254041300,290616960.00
2024/06/14,1.143,1.210,1.138,1.196,370827988,437354176.00
2024/06/17,1.198,1.219,1.198,1.209,195299430,236080752.00
2024/06/18,1.206,1.255,1.206,1.240,191574365,237514880.00
2024/06/19,1.254,1.255,1.228,1.231,147720725,182820320.00
2024/06/20,1.230,1.242,1.213,1.215,140728300,172647280.00
2024/06/21,1.196,1.228,1.189,1.218,156384400,189209008.00
2024/06/24,1.207,1.221,1.177,1.179,118092500,141894976.00
2024/06/25,1.165,1.171,1.133,1.142,166281600,191340192.00
2024/06/26,1.157,1.180,1.148,1.177,159450900,185243760.00
2024/06/27,1.166,1.174,1.149,1.150,132133000,153239264.00
2024/06/28,1.148,1.193,1.143,1.178,196928236,232260464.00
2024/07/01,1.175,1.206,1.166,1.198,211796062,251315424.00
2024/07/02,1.193,1.201,1.179,1.184,137821400,163646208.00
2024/07/03,1.183,1.183,1.155,1.169,141780600,165511904.00
2024/07/04,1.182,1.190,1.160,1.162,144218068,169739696.00
2024/07/05,1.157,1.167,1.138,1.160,149811667,172339808.00
2024/07/08,1.160,1.174,1.153,1.158,135826600,158132592.00
2024/07/09,1.158,1.229,1.152,1.226,313796750,374713696.00
2024/07/10,1.218,1.239,1.213,1.231,278095382,341734368.00
2024/07/11,1.249,1.253,1.206,1.232,199791264,245457120.00
2024/07/12,1.208,1.211,1.193,1.204,196273988,235861584.00
2024/07/15,1.197,1.198,1.178,1.191,145884500,173360224.00
2024/07/16,1.190,1.206,1.175,1.203,198553038,236550832.00
2024/07/17,1.192,1.198,1.169,1.170,212079733,250222000.00
2024/07/18,1.144,1.160,1.119,1.159,276824504,315506656.00
2024/07/19,1.143,1.161,1.140,1.149,183662400,211590960.00
2024/07/22,1.146,1.160,1.141,1.154,186548067,214986512.00
2024/07/23,1.162,1.164,1.121,1.123,183223585,208964240.00
2024/07/24,1.113,1.142,1.110,1.115,192796889,217223536.00
2024/07/25,1.097,1.101,1.072,1.087,206667841,224750528.00
2024/07/26,1.086,1.112,1.083,1.107,191460600,210366960.00
2024/07/29,1.103,1.128,1.098,1.115,177911100,198063232.00
2024/07/30,1.107,1.115,1.095,1.107,154471200,170552656.00
2024/07/31,1.099,1.141,1.099,1.140,245175800,275016032.00
2024/08/01,1.158,1.163,1.140,1.140,190193900,218816480.00
2024/08/02,1.118,1.120,1.086,1.088,321558100,354405760.00
2024/08/05,1.065,1.077,1.025,1.026,285823600,300266144.00
2024/08/06,1.050,1.060,1.032,1.044,176132896,184286976.00
2024/08/07,1.041,1.063,1.038,1.048,176750200,185967296.00
2024/08/08,1.037,1.048,1.023,1.037,143158300,148192464.00
2024/08/09,1.049,1.059,1.039,1.040,132459200,138928880.00
数据来源:通达信
