516970 基建50ETF 日线 不复权
      日期	    开盘	    最高	    最低	    收盘	    成交量	    成交额
2021/07/05,0.988,0.993,0.985,0.989,106643113,105401592.00
2021/07/06,0.989,0.998,0.986,0.994,21801614,21646802.00
2021/07/07,0.990,0.993,0.987,0.993,12179600,12057090.00
2021/07/08,0.991,0.995,0.990,0.993,5648213,5614730.00
2021/07/09,0.991,1.000,0.988,0.999,5634200,5622538.00
2021/07/12,1.005,1.013,1.002,1.004,16684900,16775512.00
2021/07/13,1.004,1.018,1.004,1.011,17109700,17312852.00
2021/07/14,1.011,1.013,1.005,1.006,1684600,1700105.00
2021/07/15,1.003,1.010,1.000,1.010,3580100,3607841.00
2021/07/16,1.010,1.017,1.008,1.011,7793400,7890617.00
2021/07/19,1.015,1.015,1.003,1.005,2343500,2356240.00
2021/07/20,1.000,1.019,0.997,1.016,3188800,3229851.00
2021/07/21,1.012,1.020,1.011,1.016,2456600,2493277.00
2021/07/22,1.020,1.032,1.016,1.025,4579300,4702742.00
2021/07/23,1.025,1.049,1.010,1.041,7962300,8307935.00
2021/07/26,1.078,1.078,1.023,1.040,5448800,5643274.00
2021/07/27,1.023,1.047,1.009,1.010,2973400,3055150.00
2021/07/28,1.010,1.018,0.982,0.995,2503600,2497592.00
2021/07/29,1.003,1.017,0.999,1.002,8772700,8813307.00
2021/07/30,1.002,1.028,0.962,1.026,4566500,4670444.00
2021/08/02,1.028,1.049,1.018,1.049,27444100,28291636.00
2021/08/03,1.045,1.073,1.045,1.065,24853700,26417348.00
2021/08/04,1.054,1.065,1.048,1.061,22403600,23648702.00
2021/08/05,1.060,1.060,1.046,1.052,11636100,12234021.00
2021/08/06,1.052,1.061,1.040,1.058,15808300,16676282.00
2021/08/09,1.058,1.068,1.052,1.063,17367300,18389196.00
2021/08/10,1.062,1.073,1.060,1.068,16877900,17997354.00
2021/08/11,1.077,1.090,1.068,1.080,15287100,16522121.00
2021/08/12,1.080,1.080,1.064,1.066,21033900,22498060.00
2021/08/13,1.066,1.071,1.057,1.063,21138600,22518710.00
2021/08/16,1.072,1.075,1.066,1.073,15628100,16731767.00
2021/08/17,1.073,1.102,1.073,1.079,10977700,11962507.00
2021/08/18,1.090,1.100,1.075,1.100,18697100,20382268.00
2021/08/19,1.100,1.106,1.072,1.076,56077000,60514384.00
2021/08/20,1.078,1.081,1.060,1.069,34990400,37316504.00
2021/08/23,1.070,1.084,1.067,1.084,18157600,19556688.00
2021/08/24,1.086,1.092,1.076,1.083,23889100,25815276.00
2021/08/25,1.084,1.115,1.080,1.111,18061300,19833356.00
2021/08/26,1.108,1.120,1.102,1.111,24373900,27131382.00
2021/08/27,1.103,1.131,1.103,1.130,25264000,28202004.00
2021/08/30,1.132,1.143,1.126,1.132,22307800,25267696.00
2021/08/31,1.132,1.168,1.125,1.167,36228500,41479024.00
2021/09/01,1.179,1.213,1.170,1.197,70570600,84282880.00
2021/09/02,1.200,1.260,1.186,1.256,91514800,111458864.00
2021/09/03,1.260,1.275,1.225,1.232,107669500,134130888.00
2021/09/06,1.232,1.278,1.232,1.255,96178100,120530992.00
2021/09/07,1.259,1.294,1.242,1.289,192982400,245050064.00
2021/09/08,1.290,1.303,1.275,1.300,161552600,208283104.00
2021/09/09,1.297,1.346,1.284,1.337,129691800,170487952.00
2021/09/10,1.339,1.376,1.315,1.319,290959000,392749824.00
2021/09/13,1.307,1.341,1.301,1.332,216598500,287679680.00
2021/09/14,1.328,1.328,1.276,1.282,231327900,299839776.00
2021/09/15,1.280,1.292,1.263,1.277,150256300,191969328.00
2021/09/16,1.277,1.288,1.247,1.251,111047400,140956432.00
2021/09/17,1.251,1.264,1.218,1.242,99767600,124145696.00
2021/09/22,1.230,1.285,1.221,1.281,152435500,192022288.00
2021/09/23,1.290,1.310,1.284,1.307,147151700,191171040.00
2021/09/24,1.305,1.321,1.275,1.278,147522000,191294560.00
2021/09/27,1.269,1.293,1.200,1.203,267863400,330859136.00
2021/09/28,1.206,1.240,1.199,1.234,153827500,188541296.00
2021/09/29,1.220,1.240,1.198,1.204,217881000,263751168.00
2021/09/30,1.208,1.214,1.187,1.205,99245800,119070088.00
2021/10/08,1.215,1.223,1.175,1.183,113243300,134758816.00
2021/10/11,1.184,1.184,1.148,1.152,113269700,130974824.00
2021/10/12,1.153,1.154,1.110,1.128,134304400,151213024.00
2021/10/13,1.126,1.126,1.100,1.116,102702600,114043224.00
2021/10/14,1.112,1.132,1.105,1.122,88330900,98905592.00
2021/10/15,1.123,1.127,1.105,1.112,78370000,87118352.00
2021/10/18,1.113,1.131,1.113,1.130,86316600,96948848.00
2021/10/19,1.128,1.146,1.121,1.141,80690600,91533464.00
2021/10/20,1.135,1.142,1.126,1.131,61582600,69732480.00
2021/10/21,1.131,1.142,1.128,1.132,58998900,66994908.00
2021/10/22,1.131,1.143,1.121,1.124,58609900,66306580.00
2021/10/25,1.121,1.146,1.113,1.145,109621700,124972872.00
2021/10/26,1.145,1.177,1.140,1.159,110505300,128402904.00
2021/10/27,1.157,1.169,1.143,1.147,57247252,66025608.00
2021/10/28,1.147,1.155,1.126,1.131,77930500,88751720.00
2021/10/29,1.130,1.141,1.117,1.139,57699800,65282644.00
2021/11/01,1.137,1.151,1.128,1.145,62232400,71070224.00
2021/11/02,1.141,1.145,1.108,1.117,88869400,99860496.00
2021/11/03,1.116,1.128,1.109,1.121,48429200,54161328.00
2021/11/04,1.119,1.125,1.114,1.120,59815300,66916384.00
2021/11/05,1.119,1.119,1.090,1.091,81886700,89959944.00
2021/11/08,1.093,1.099,1.084,1.096,39506400,43232136.00
2021/11/09,1.097,1.105,1.091,1.104,64207600,70591312.00
2021/11/10,1.103,1.104,1.083,1.104,56524400,61741708.00
2021/11/11,1.101,1.120,1.098,1.119,53418200,59428716.00
2021/11/12,1.119,1.122,1.112,1.115,52049600,58145544.00
2021/11/15,1.117,1.119,1.107,1.111,32134900,35683132.00
2021/11/16,1.112,1.115,1.092,1.093,41228100,45377548.00
2021/11/17,1.092,1.103,1.089,1.103,34291200,37643712.00
2021/11/18,1.102,1.107,1.097,1.102,34237700,37737884.00
2021/11/19,1.099,1.108,1.091,1.107,44465299,48831220.00
2021/11/22,1.105,1.115,1.105,1.114,59732300,66344460.00
2021/11/23,1.113,1.124,1.108,1.118,93304700,104243768.00
2021/11/24,1.118,1.118,1.106,1.112,59048400,65625212.00
2021/11/25,1.113,1.123,1.110,1.121,92801600,103737952.00
2021/11/26,1.124,1.124,1.107,1.108,42185600,46853848.00
2021/11/29,1.090,1.123,1.087,1.122,79733300,88810144.00
2021/11/30,1.125,1.138,1.119,1.129,75265400,84969752.00
2021/12/01,1.122,1.140,1.121,1.139,79137100,89573520.00
2021/12/02,1.137,1.169,1.133,1.165,124500300,144466224.00
2021/12/03,1.163,1.202,1.153,1.200,124764400,147236736.00
2021/12/06,1.202,1.217,1.180,1.186,130908740,156738608.00
2021/12/07,1.192,1.205,1.181,1.204,135005590,161487776.00
2021/12/08,1.205,1.206,1.191,1.197,88188176,105453320.00
2021/12/09,1.196,1.196,1.185,1.187,105711300,125724072.00
2021/12/10,1.184,1.197,1.175,1.180,71381100,84410624.00
2021/12/13,1.200,1.219,1.195,1.200,141691993,170901088.00
2021/12/14,1.195,1.195,1.172,1.174,146973000,173267408.00
2021/12/15,1.176,1.206,1.173,1.200,143192100,171209664.00
2021/12/16,1.203,1.225,1.194,1.218,153716700,186587472.00
2021/12/17,1.221,1.239,1.213,1.225,153630496,188741296.00
2021/12/20,1.217,1.247,1.205,1.234,164249500,201059488.00
2021/12/21,1.230,1.245,1.220,1.244,110612000,136528800.00
2021/12/22,1.244,1.247,1.218,1.222,141148400,173260240.00
2021/12/23,1.221,1.231,1.212,1.226,101664400,124591664.00
2021/12/24,1.227,1.232,1.207,1.211,85211600,103817152.00
2021/12/27,1.206,1.224,1.202,1.205,80535000,97703840.00
2021/12/28,1.204,1.224,1.181,1.190,153451900,182756928.00
2021/12/29,1.190,1.200,1.188,1.189,79159900,94432512.00
2021/12/30,1.188,1.204,1.187,1.198,74423100,89193784.00
2021/12/31,1.200,1.220,1.200,1.212,86615700,104951928.00
2022/01/04,1.213,1.219,1.207,1.216,69993700,84947760.00
2022/01/05,1.214,1.215,1.189,1.193,92799900,111175880.00
2022/01/06,1.190,1.250,1.185,1.245,201422200,247542384.00
2022/01/07,1.243,1.285,1.239,1.262,213697796,271245344.00
2022/01/10,1.262,1.273,1.243,1.269,118860600,149443712.00
2022/01/11,1.267,1.274,1.247,1.250,142769800,179926928.00
2022/01/12,1.247,1.255,1.229,1.240,174337000,216015232.00
2022/01/13,1.237,1.245,1.218,1.219,204627500,251101552.00
2022/01/14,1.219,1.220,1.191,1.193,192154600,231860448.00
2022/01/17,1.189,1.202,1.186,1.199,100704600,120262064.00
2022/01/18,1.200,1.263,1.195,1.248,321659375,396275616.00
2022/01/19,1.250,1.270,1.242,1.253,318227600,400141760.00
2022/01/20,1.255,1.279,1.239,1.267,168247400,212128480.00
2022/01/21,1.263,1.263,1.231,1.234,205395326,256394880.00
2022/01/24,1.227,1.269,1.225,1.249,161718575,201652624.00
2022/01/25,1.236,1.244,1.202,1.204,142647000,174518592.00
2022/01/26,1.204,1.226,1.204,1.225,184780418,224856576.00
2022/01/27,1.219,1.240,1.206,1.221,262092648,319903808.00
2022/01/28,1.218,1.220,1.177,1.187,213052163,254023504.00
2022/02/07,1.205,1.275,1.204,1.273,278574267,347605952.00
2022/02/08,1.278,1.284,1.251,1.279,394792415,501532928.00
2022/02/09,1.275,1.281,1.261,1.274,346171900,441448416.00
2022/02/10,1.272,1.309,1.266,1.291,366405997,472127040.00
2022/02/11,1.286,1.309,1.270,1.275,375009400,483525184.00
2022/02/14,1.272,1.273,1.239,1.252,324271400,407569024.00
2022/02/15,1.250,1.257,1.238,1.257,163263000,203946624.00
2022/02/16,1.265,1.291,1.263,1.282,268300185,343198016.00
2022/02/17,1.280,1.284,1.264,1.271,244163101,310703744.00
2022/02/18,1.264,1.297,1.258,1.293,445283099,571299584.00
2022/02/21,1.293,1.293,1.273,1.284,311188439,398315712.00
2022/02/22,1.272,1.274,1.244,1.254,439754000,554718208.00
2022/02/23,1.251,1.256,1.238,1.249,323372100,402571456.00
2022/02/24,1.237,1.245,1.195,1.209,385227807,470849504.00
2022/02/25,1.211,1.232,1.196,1.203,358770800,436025568.00
2022/02/28,1.195,1.208,1.183,1.205,263354100,314342400.00
2022/03/01,1.206,1.225,1.200,1.224,355279300,431404032.00
2022/03/02,1.214,1.224,1.207,1.214,239710300,291714432.00
2022/03/03,1.219,1.242,1.218,1.232,250756639,309268320.00
2022/03/04,1.225,1.230,1.210,1.211,216558461,263423312.00
2022/03/07,1.202,1.235,1.202,1.217,294182334,358964416.00
2022/03/08,1.216,1.221,1.186,1.191,212864700,256495280.00
2022/03/09,1.191,1.205,1.126,1.185,284721180,334511072.00
2022/03/10,1.202,1.209,1.182,1.194,211806500,253262976.00
2022/03/11,1.176,1.180,1.141,1.171,204211700,236766528.00
2022/03/14,1.154,1.181,1.138,1.140,172869200,200798144.00
2022/03/15,1.132,1.135,1.061,1.063,376416930,411894400.00
2022/03/16,1.083,1.099,1.038,1.091,421458337,451067168.00
2022/03/17,1.113,1.121,1.100,1.102,257988500,286489216.00
2022/03/18,1.100,1.143,1.093,1.137,292753703,329093280.00
2022/03/21,1.139,1.140,1.122,1.136,207539403,235103376.00
2022/03/22,1.132,1.151,1.127,1.147,116499700,132907120.00
2022/03/23,1.147,1.160,1.139,1.153,120193600,138326384.00
2022/03/24,1.140,1.153,1.133,1.135,81793000,93378392.00
2022/03/25,1.135,1.138,1.123,1.126,109732550,123953424.00
2022/03/28,1.119,1.144,1.105,1.141,104394000,117586752.00
2022/03/29,1.144,1.145,1.124,1.127,107480200,121792688.00
2022/03/30,1.134,1.165,1.133,1.160,186341329,214569568.00
2022/03/31,1.164,1.179,1.156,1.156,138081721,160918688.00
2022/04/01,1.145,1.166,1.141,1.160,342099200,395973728.00
2022/04/06,1.159,1.205,1.153,1.204,291549579,343947872.00
2022/04/07,1.196,1.218,1.187,1.188,350959200,423163968.00
2022/04/08,1.203,1.244,1.203,1.240,261333700,320496576.00
2022/04/11,1.250,1.255,1.222,1.232,267123106,331397792.00
2022/04/12,1.216,1.246,1.202,1.228,457560600,560984640.00
2022/04/13,1.214,1.223,1.195,1.196,219433208,265208224.00
2022/04/14,1.201,1.225,1.191,1.212,242148101,291543520.00
2022/04/15,1.201,1.221,1.189,1.191,255433900,307954240.00
2022/04/18,1.179,1.194,1.166,1.178,182440800,215182208.00
2022/04/19,1.172,1.191,1.169,1.185,139549000,164633952.00
2022/04/20,1.183,1.188,1.138,1.141,224064100,258972448.00
2022/04/21,1.139,1.146,1.100,1.107,262428700,294469088.00
2022/04/22,1.097,1.136,1.095,1.132,266654311,299244640.00
2022/04/25,1.112,1.129,1.076,1.077,255587600,282279296.00
2022/04/26,1.078,1.120,1.075,1.098,264222100,289939328.00
2022/04/27,1.138,1.138,1.094,1.135,433031473,486111904.00
2022/04/28,1.130,1.162,1.112,1.160,473514661,543642688.00
2022/04/29,1.162,1.190,1.149,1.183,476958254,559841408.00
2022/05/05,1.186,1.205,1.183,1.191,397020100,473499360.00
2022/05/06,1.165,1.172,1.144,1.151,378007300,437455488.00
2022/05/09,1.151,1.177,1.151,1.168,210360963,245059456.00
2022/05/10,1.153,1.208,1.146,1.205,351987142,417498304.00
2022/05/11,1.208,1.213,1.181,1.184,436534842,521210112.00
2022/05/12,1.174,1.197,1.168,1.185,216437600,255766864.00
2022/05/13,1.183,1.191,1.173,1.183,209882636,248223824.00
2022/05/16,1.190,1.193,1.172,1.185,173515000,204848048.00
2022/05/17,1.180,1.182,1.152,1.171,238700700,277966112.00
2022/05/18,1.169,1.175,1.158,1.162,184461100,214677456.00
2022/05/19,1.148,1.189,1.145,1.186,270068600,316291456.00
2022/05/20,1.184,1.196,1.180,1.194,230297775,274127296.00
2022/05/23,1.193,1.193,1.173,1.180,209515000,247154672.00
2022/05/24,1.182,1.183,1.133,1.134,304839000,351341632.00
2022/05/25,1.134,1.167,1.130,1.165,229586713,263756896.00
2022/05/26,1.171,1.193,1.170,1.184,361034713,427885280.00
2022/05/27,1.186,1.194,1.175,1.194,211441800,250617776.00
2022/05/30,1.196,1.205,1.178,1.185,306240478,363662784.00
2022/05/31,1.183,1.185,1.164,1.179,283466200,331797888.00
2022/06/01,1.176,1.178,1.159,1.170,300215700,350304032.00
2022/06/02,1.167,1.177,1.161,1.173,225223200,263551216.00
2022/06/06,1.167,1.170,1.154,1.168,217549376,252553904.00
2022/06/07,1.168,1.177,1.163,1.171,229463892,268386880.00
2022/06/08,1.174,1.178,1.150,1.163,233773200,272072896.00
2022/06/09,1.160,1.191,1.160,1.178,260140619,306591232.00
2022/06/10,1.175,1.185,1.166,1.183,172147186,202648048.00
2022/06/13,1.175,1.177,1.151,1.159,203047986,235554336.00
2022/06/14,1.149,1.168,1.140,1.167,190491921,220272944.00
2022/06/15,1.165,1.208,1.164,1.189,376020834,448757216.00
2022/06/16,1.188,1.199,1.171,1.173,190020600,224044608.00
2022/06/17,1.166,1.172,1.152,1.170,190165700,221249824.00
2022/06/20,1.167,1.183,1.166,1.176,163302200,192189664.00
2022/06/21,1.175,1.187,1.161,1.171,279604001,328827328.00
2022/06/22,1.171,1.174,1.150,1.150,137838100,159709360.00
2022/06/23,1.150,1.167,1.140,1.166,244173021,281954496.00
2022/06/24,1.164,1.167,1.148,1.157,265597000,306977696.00
2022/06/27,1.157,1.172,1.155,1.165,230583887,268750304.00
2022/06/28,1.165,1.171,1.154,1.170,196654465,228481168.00
2022/06/29,1.170,1.189,1.166,1.175,302501956,356505024.00
2022/06/30,1.178,1.182,1.160,1.180,280641200,329460224.00
2022/07/01,1.184,1.203,1.181,1.184,268611500,319679040.00
2022/07/04,1.183,1.183,1.170,1.179,162599186,191071104.00
2022/07/05,1.178,1.191,1.172,1.186,188290087,222779024.00
2022/07/06,1.176,1.183,1.154,1.162,251826100,294192768.00
2022/07/07,1.162,1.165,1.155,1.161,155348100,180192336.00
2022/07/08,1.165,1.178,1.164,1.169,186274900,218319920.00
2022/07/11,1.166,1.179,1.161,1.176,164773400,193119584.00
2022/07/12,1.173,1.207,1.171,1.195,281544400,336745504.00
2022/07/13,1.204,1.217,1.201,1.206,387299631,467490528.00
2022/07/14,1.198,1.205,1.180,1.192,333682622,396198112.00
2022/07/15,1.191,1.191,1.156,1.157,279914478,329451232.00
2022/07/18,1.158,1.177,1.155,1.174,193658200,226457504.00
2022/07/19,1.173,1.178,1.166,1.178,97822700,114790608.00
2022/07/20,1.177,1.180,1.170,1.177,104806729,123092592.00
2022/07/21,1.174,1.178,1.159,1.164,116580758,136067040.00
2022/07/22,1.164,1.166,1.155,1.160,101518545,117789032.00
2022/07/25,1.160,1.168,1.146,1.149,143874400,165984176.00
2022/07/26,1.150,1.161,1.144,1.159,87915500,101406072.00
2022/07/27,1.156,1.159,1.152,1.155,77176600,89171448.00
2022/07/28,1.158,1.162,1.153,1.157,144022000,166712304.00
2022/07/29,1.156,1.161,1.140,1.144,247276900,283474784.00
2022/08/01,1.143,1.143,1.123,1.131,296135300,334609984.00
2022/08/02,1.118,1.121,1.077,1.091,350819331,384078624.00
2022/08/03,1.094,1.103,1.074,1.075,183372387,199965680.00
2022/08/04,1.080,1.085,1.069,1.083,161162200,173601840.00
2022/08/05,1.082,1.094,1.074,1.093,203510100,220232464.00
2022/08/08,1.089,1.098,1.086,1.090,95429300,104238272.00
2022/08/09,1.088,1.093,1.083,1.088,98423100,107070328.00
2022/08/10,1.086,1.090,1.080,1.089,103069600,111790392.00
2022/08/11,1.092,1.105,1.091,1.104,111022300,122151240.00
2022/08/12,1.105,1.113,1.099,1.109,95489500,105786688.00
2022/08/15,1.104,1.116,1.100,1.112,94708600,105086016.00
2022/08/16,1.114,1.128,1.114,1.121,128770000,144405552.00
2022/08/17,1.121,1.127,1.119,1.127,107571500,120940720.00
2022/08/18,1.125,1.127,1.113,1.115,119953000,133827304.00
2022/08/19,1.114,1.126,1.113,1.119,76770200,85929200.00
2022/08/22,1.120,1.135,1.116,1.134,105907600,119374208.00
2022/08/23,1.130,1.130,1.120,1.125,155879900,175404720.00
2022/08/24,1.124,1.131,1.100,1.103,106733400,118884512.00
2022/08/25,1.105,1.118,1.099,1.117,78400000,87102440.00
2022/08/26,1.116,1.120,1.103,1.106,67561967,74989424.00
2022/08/29,1.097,1.123,1.091,1.122,74692100,83069584.00
2022/08/30,1.120,1.128,1.111,1.118,71343600,79686264.00
2022/08/31,1.115,1.120,1.101,1.110,131261900,145688672.00
2022/09/01,1.110,1.124,1.108,1.111,76034700,84919472.00
2022/09/02,1.110,1.114,1.103,1.109,85574858,94776064.00
2022/09/05,1.109,1.127,1.106,1.125,90763475,101639448.00
2022/09/06,1.125,1.142,1.123,1.140,110734600,125591152.00
2022/09/07,1.140,1.157,1.135,1.153,169794078,195424656.00
2022/09/08,1.151,1.156,1.140,1.149,125753900,144102720.00
2022/09/09,1.146,1.166,1.146,1.161,101343378,117430240.00
2022/09/13,1.165,1.168,1.151,1.152,144604700,167619552.00
2022/09/14,1.143,1.148,1.131,1.139,87139289,99318536.00
2022/09/15,1.141,1.147,1.118,1.132,98506200,111717784.00
2022/09/16,1.131,1.132,1.087,1.087,149126100,165108832.00
2022/09/19,1.084,1.094,1.076,1.084,112093736,121867368.00
2022/09/20,1.086,1.093,1.077,1.080,120404636,130521152.00
2022/09/21,1.076,1.094,1.066,1.089,109112053,117948288.00
2022/09/22,1.085,1.090,1.073,1.077,143933300,155507216.00
2022/09/23,1.080,1.089,1.068,1.074,101822900,109926888.00
2022/09/26,1.069,1.074,1.047,1.047,84589300,89621296.00
2022/09/27,1.048,1.057,1.042,1.056,96976800,101667304.00
2022/09/28,1.054,1.055,1.034,1.036,76747600,80116360.00
2022/09/29,1.042,1.047,1.020,1.025,63100600,65217384.00
2022/09/30,1.027,1.037,1.024,1.027,77458000,79758472.00
2022/10/10,1.027,1.049,1.025,1.027,86053666,89359840.00
2022/10/11,1.027,1.034,1.016,1.031,81033732,83133136.00
2022/10/12,1.029,1.048,1.019,1.047,74510900,76848600.00
2022/10/13,1.043,1.047,1.034,1.040,135932138,141119328.00
2022/10/14,1.045,1.057,1.044,1.051,80798438,85007344.00
2022/10/17,1.053,1.060,1.039,1.059,72647539,76369456.00
2022/10/18,1.060,1.064,1.052,1.057,61908000,65431528.00
2022/10/19,1.054,1.066,1.049,1.050,71717989,75860744.00
2022/10/20,1.044,1.055,1.035,1.042,82757700,86380352.00
2022/10/21,1.045,1.072,1.045,1.065,143512600,152874288.00
2022/10/24,1.066,1.071,1.035,1.039,102835800,108349968.00
2022/10/25,1.038,1.054,1.031,1.053,86038000,89789816.00
2022/10/26,1.051,1.063,1.048,1.057,60202300,63485036.00
2022/10/27,1.056,1.064,1.053,1.062,138521400,146711520.00
2022/10/28,1.060,1.060,1.031,1.035,85362900,89153192.00
2022/10/31,1.024,1.030,1.003,1.007,86506589,87613936.00
2022/11/01,1.009,1.034,1.009,1.034,144794200,148010800.00
2022/11/02,1.034,1.040,1.028,1.038,195867200,202644592.00
2022/11/03,1.031,1.039,1.027,1.034,86500634,89238136.00
2022/11/04,1.032,1.053,1.031,1.051,124654034,130511672.00
2022/11/07,1.047,1.062,1.047,1.061,156649934,165307872.00
2022/11/08,1.058,1.061,1.051,1.057,73032300,76980816.00
2022/11/09,1.061,1.070,1.052,1.054,69042001,73230120.00
2022/11/10,1.048,1.054,1.041,1.050,65174900,68339344.00
2022/11/11,1.063,1.086,1.059,1.077,99756701,106786600.00
2022/11/14,1.086,1.090,1.068,1.074,103713092,112072032.00
2022/11/15,1.069,1.085,1.068,1.084,102953901,110849480.00
2022/11/16,1.084,1.088,1.075,1.078,57091500,61637028.00
2022/11/17,1.075,1.082,1.067,1.081,46302901,49701832.00
2022/11/18,1.080,1.081,1.064,1.069,50343700,53890556.00
2022/11/21,1.067,1.067,1.051,1.059,43277800,45681596.00
2022/11/22,1.058,1.165,1.056,1.104,279141497,307978464.00
2022/11/23,1.104,1.149,1.098,1.126,318815631,359042304.00
2022/11/24,1.118,1.121,1.100,1.106,205505198,227854528.00
2022/11/25,1.102,1.142,1.102,1.132,252158280,285346336.00
2022/11/28,1.112,1.138,1.110,1.123,141762521,159385440.00
2022/11/29,1.135,1.162,1.129,1.160,195294578,223729440.00
2022/11/30,1.148,1.156,1.141,1.147,102217798,117316624.00
2022/12/01,1.147,1.153,1.134,1.135,134581278,153410112.00
2022/12/02,1.133,1.139,1.121,1.138,113611578,128548440.00
2022/12/05,1.154,1.204,1.150,1.202,299023678,354898112.00
2022/12/06,1.191,1.198,1.175,1.179,334610139,396048160.00
2022/12/07,1.176,1.183,1.156,1.171,140203139,163408112.00
2022/12/08,1.161,1.171,1.156,1.166,85297839,99245080.00
2022/12/09,1.168,1.173,1.149,1.167,145538500,168404352.00
2022/12/12,1.157,1.159,1.133,1.134,160524701,183814832.00
2022/12/13,1.135,1.145,1.131,1.139,102556001,116617792.00
2022/12/14,1.139,1.139,1.124,1.133,213174500,240289968.00
2022/12/15,1.128,1.131,1.118,1.120,145132411,162992720.00
2022/12/16,1.120,1.137,1.118,1.127,116778989,131693752.00
2022/12/19,1.121,1.126,1.085,1.091,121645600,133802392.00
2022/12/20,1.086,1.095,1.079,1.081,97757700,106206680.00
2022/12/21,1.081,1.085,1.071,1.078,66451300,71555696.00
2022/12/22,1.082,1.085,1.056,1.059,97102900,103702496.00
2022/12/23,1.056,1.066,1.052,1.058,114257800,120877776.00
2022/12/26,1.058,1.064,1.051,1.061,83430300,88270472.00
2022/12/27,1.064,1.076,1.064,1.070,98592300,105445088.00
2022/12/28,1.064,1.072,1.059,1.061,79623800,84727232.00
2022/12/29,1.058,1.059,1.050,1.051,81708600,86140520.00
2022/12/30,1.056,1.068,1.051,1.067,112478800,119246336.00
2023/01/03,1.063,1.079,1.057,1.078,92034100,98584416.00
2023/01/04,1.075,1.093,1.074,1.089,138911100,150833664.00
2023/01/05,1.088,1.092,1.084,1.091,73123900,79566472.00
2023/01/06,1.091,1.094,1.085,1.089,58585465,63798308.00
2023/01/09,1.090,1.097,1.088,1.093,72145142,78782688.00
2023/01/10,1.092,1.092,1.078,1.081,71185900,77078736.00
2023/01/11,1.081,1.090,1.077,1.078,72708700,78841920.00
2023/01/12,1.078,1.080,1.069,1.073,59259600,63596868.00
2023/01/13,1.073,1.079,1.071,1.079,45479101,48878868.00
2023/01/16,1.080,1.092,1.074,1.088,102983400,111892600.00
2023/01/17,1.088,1.089,1.083,1.085,100573000,109192696.00
2023/01/18,1.085,1.092,1.084,1.089,69525100,75753696.00
2023/01/19,1.085,1.098,1.083,1.097,59007100,64331132.00
2023/01/20,1.099,1.121,1.098,1.119,99048500,110137768.00
2023/01/30,1.126,1.129,1.113,1.116,169742400,189644960.00
2023/01/31,1.116,1.121,1.113,1.120,94263700,105374128.00
2023/02/01,1.121,1.141,1.118,1.139,95468900,107722800.00
2023/02/02,1.140,1.143,1.135,1.138,212178800,241677792.00
2023/02/03,1.133,1.136,1.115,1.128,79233842,89064104.00
2023/02/06,1.119,1.135,1.117,1.125,76332315,85918240.00
2023/02/07,1.126,1.143,1.124,1.142,86236562,97704488.00
2023/02/08,1.140,1.140,1.122,1.124,79001600,89262096.00
2023/02/09,1.122,1.133,1.120,1.132,101544400,114537656.00
2023/02/10,1.131,1.137,1.127,1.135,67505400,76505832.00
2023/02/13,1.134,1.152,1.131,1.149,104038419,118948488.00
2023/02/14,1.149,1.153,1.142,1.147,94286900,108221472.00
2023/02/15,1.148,1.148,1.135,1.137,54302300,61841136.00
2023/02/16,1.137,1.152,1.116,1.125,169182823,193125344.00
2023/02/17,1.123,1.129,1.114,1.115,139865123,156755264.00
2023/02/20,1.118,1.155,1.118,1.155,161610526,184743632.00
2023/02/21,1.154,1.164,1.148,1.160,130819264,151510640.00
2023/02/22,1.157,1.167,1.153,1.158,152830017,177236384.00
2023/02/23,1.162,1.163,1.148,1.152,73956700,85417392.00
2023/02/24,1.153,1.153,1.140,1.146,61466600,70461032.00
2023/02/27,1.144,1.147,1.134,1.137,73094100,83295208.00
2023/02/28,1.139,1.154,1.131,1.153,115081100,131351320.00
2023/03/01,1.150,1.181,1.147,1.176,168597000,197389648.00
2023/03/02,1.170,1.216,1.170,1.200,352918100,423767488.00
2023/03/03,1.200,1.235,1.198,1.228,408601937,499806016.00
2023/03/06,1.237,1.239,1.214,1.216,332240111,406433280.00
2023/03/07,1.219,1.249,1.212,1.214,407114791,501600480.00
2023/03/08,1.205,1.223,1.200,1.222,289613391,350649472.00
2023/03/09,1.218,1.222,1.200,1.209,116597800,140789952.00
2023/03/10,1.200,1.207,1.188,1.191,111048000,132797056.00
2023/03/13,1.204,1.229,1.204,1.228,195325900,238107200.00
2023/03/14,1.224,1.243,1.214,1.222,264172000,323699392.00
2023/03/15,1.222,1.274,1.210,1.268,241460550,300634528.00
2023/03/16,1.258,1.273,1.249,1.255,196787000,248074416.00
2023/03/17,1.257,1.295,1.253,1.283,229220550,293353856.00
2023/03/20,1.284,1.325,1.262,1.266,292437640,377320032.00
2023/03/21,1.260,1.280,1.241,1.256,255981339,321524160.00
2023/03/22,1.254,1.270,1.240,1.259,181836639,228368400.00
2023/03/23,1.250,1.279,1.244,1.277,217584479,275396096.00
2023/03/24,1.268,1.270,1.242,1.244,209051018,261646512.00
2023/03/27,1.239,1.244,1.212,1.221,180434400,220846928.00
2023/03/28,1.225,1.237,1.221,1.225,155097100,190497104.00
2023/03/29,1.218,1.222,1.190,1.200,205323866,246275744.00
2023/03/30,1.195,1.206,1.181,1.199,216198166,258437104.00
2023/03/31,1.200,1.206,1.194,1.202,132501000,159091232.00
2023/04/03,1.204,1.222,1.200,1.220,357397456,434527488.00
2023/04/04,1.222,1.278,1.211,1.273,316176859,396713760.00
2023/04/06,1.275,1.285,1.258,1.279,350908909,445942272.00
2023/04/07,1.270,1.279,1.253,1.265,367035227,464732928.00
2023/04/10,1.263,1.287,1.255,1.273,263330500,336459744.00
2023/04/11,1.270,1.281,1.250,1.280,137220791,173338064.00
2023/04/12,1.276,1.300,1.263,1.296,268803706,346930112.00
2023/04/13,1.292,1.306,1.286,1.297,175192417,227424528.00
2023/04/14,1.296,1.335,1.292,1.331,417350500,551857472.00
2023/04/17,1.332,1.372,1.323,1.353,303631888,409097408.00
2023/04/18,1.346,1.361,1.333,1.353,180777195,243855776.00
2023/04/19,1.345,1.362,1.327,1.331,189968395,255097104.00
2023/04/20,1.324,1.363,1.316,1.362,250919300,335987424.00
2023/04/21,1.358,1.373,1.329,1.331,257409549,348006688.00
2023/04/24,1.336,1.352,1.317,1.326,254736100,340191200.00
2023/04/25,1.325,1.340,1.302,1.318,205728200,271600352.00
2023/04/26,1.310,1.318,1.281,1.292,258304600,334968640.00
2023/04/27,1.290,1.341,1.290,1.324,314039800,415156000.00
2023/04/28,1.327,1.374,1.314,1.370,236674500,318253312.00
2023/05/04,1.367,1.406,1.345,1.393,338678000,469569664.00
2023/05/05,1.386,1.417,1.372,1.387,213344365,296404544.00
2023/05/08,1.392,1.424,1.382,1.402,357040986,501585696.00
2023/05/09,1.405,1.419,1.359,1.360,277481300,386646752.00
2023/05/10,1.353,1.366,1.327,1.342,484123900,649539392.00
2023/05/11,1.339,1.343,1.322,1.331,173077900,230708640.00
2023/05/12,1.326,1.335,1.285,1.286,562856448,731823936.00
2023/05/15,1.282,1.291,1.257,1.289,323843600,412418528.00
2023/05/16,1.286,1.290,1.261,1.264,156182948,198992016.00
2023/05/17,1.260,1.270,1.248,1.267,281165288,354200384.00
2023/05/18,1.266,1.281,1.262,1.272,144654188,183641728.00
2023/05/19,1.267,1.267,1.235,1.248,214726464,267780160.00
2023/05/22,1.242,1.251,1.235,1.240,178242607,221718416.00
2023/05/23,1.241,1.246,1.214,1.215,203912107,251721488.00
2023/05/24,1.211,1.213,1.193,1.196,147196264,176583088.00
2023/05/25,1.191,1.198,1.181,1.194,247266800,293952384.00
2023/05/26,1.197,1.203,1.185,1.198,154053700,184160320.00
2023/05/29,1.202,1.215,1.198,1.210,163566500,197645536.00
2023/05/30,1.205,1.242,1.201,1.232,363770300,447119744.00
2023/05/31,1.228,1.241,1.224,1.235,154528000,190852176.00
2023/06/01,1.230,1.245,1.224,1.238,185494800,229072096.00
2023/06/02,1.238,1.242,1.228,1.234,154963600,191245056.00
2023/06/05,1.235,1.236,1.215,1.220,147352200,181104688.00
2023/06/06,1.218,1.234,1.208,1.210,155540800,190678144.00
2023/06/07,1.210,1.217,1.202,1.207,149295300,180300816.00
2023/06/08,1.207,1.234,1.201,1.232,181921800,222600448.00
2023/06/09,1.233,1.239,1.223,1.234,102271400,125706592.00
2023/06/12,1.230,1.230,1.212,1.219,126895700,154805232.00
2023/06/13,1.213,1.220,1.203,1.210,167967700,203092032.00
2023/06/14,1.208,1.219,1.200,1.203,151770400,183374656.00
2023/06/15,1.204,1.213,1.197,1.210,190562400,229963888.00
2023/06/16,1.215,1.247,1.214,1.245,262718300,324992768.00
2023/06/19,1.244,1.245,1.217,1.220,164081408,200651248.00
2023/06/20,1.217,1.220,1.202,1.205,154026000,186543376.00
2023/06/21,1.200,1.210,1.194,1.204,246062633,295512000.00
2023/06/26,1.193,1.193,1.160,1.163,153049143,178947008.00
2023/06/27,1.163,1.210,1.163,1.205,389480844,460676800.00
2023/06/28,1.201,1.207,1.189,1.204,146488944,175292496.00
2023/06/29,1.201,1.212,1.195,1.207,159727933,192396720.00
2023/06/30,1.204,1.220,1.203,1.213,109203835,132513680.00
2023/07/03,1.219,1.242,1.215,1.238,143042285,176121680.00
2023/07/04,1.234,1.241,1.221,1.229,150198743,184764512.00
2023/07/05,1.228,1.247,1.226,1.231,122303268,151396272.00
2023/07/06,1.223,1.231,1.217,1.220,109900600,134461856.00
2023/07/07,1.216,1.228,1.210,1.223,81602400,99431368.00
2023/07/10,1.224,1.234,1.221,1.233,97619600,119943784.00
2023/07/11,1.232,1.236,1.222,1.233,92679200,113935136.00
2023/07/12,1.230,1.232,1.202,1.203,180674419,219613568.00
2023/07/13,1.208,1.227,1.208,1.223,135050879,164631472.00
2023/07/14,1.224,1.233,1.218,1.225,84945400,103991440.00
2023/07/17,1.224,1.232,1.212,1.230,107056600,130482736.00
2023/07/18,1.224,1.225,1.215,1.217,105861600,129078352.00
2023/07/19,1.215,1.224,1.213,1.223,74891200,91308240.00
2023/07/20,1.225,1.229,1.207,1.209,79191468,96613952.00
2023/07/21,1.199,1.211,1.198,1.205,85134051,102476952.00
2023/07/24,1.207,1.221,1.203,1.214,85373550,103499752.00
2023/07/25,1.225,1.247,1.224,1.245,144964165,179501584.00
2023/07/26,1.244,1.250,1.238,1.242,97848887,121796360.00
2023/07/27,1.243,1.247,1.231,1.237,120514499,149447888.00
2023/07/28,1.231,1.256,1.221,1.256,245976865,303627008.00
2023/07/31,1.258,1.299,1.258,1.287,149187883,191732928.00
2023/08/01,1.283,1.298,1.278,1.286,148609799,191220576.00
2023/08/02,1.287,1.296,1.273,1.278,171445299,219866272.00
2023/08/03,1.272,1.287,1.265,1.284,152647770,194461264.00
2023/08/04,1.290,1.298,1.282,1.283,111070070,143026208.00
2023/08/07,1.279,1.280,1.261,1.266,124902500,158212720.00
2023/08/08,1.262,1.270,1.259,1.265,148004048,187300192.00
2023/08/09,1.257,1.274,1.256,1.261,150682927,190547312.00
2023/08/10,1.263,1.266,1.254,1.257,69647400,87669808.00
2023/08/11,1.262,1.266,1.227,1.228,74179500,92232176.00
2023/08/14,1.214,1.254,1.210,1.249,99627900,122814864.00
2023/08/15,1.243,1.249,1.228,1.242,98005200,121581056.00
2023/08/16,1.238,1.247,1.225,1.229,115706500,142933024.00
2023/08/17,1.224,1.242,1.218,1.242,91579755,112612760.00
2023/08/18,1.235,1.250,1.213,1.218,95190000,117442488.00
2023/08/21,1.215,1.230,1.210,1.211,121396200,147835040.00
2023/08/22,1.212,1.233,1.210,1.231,120704800,147336160.00
2023/08/23,1.223,1.229,1.195,1.197,173804500,211034240.00
2023/08/24,1.197,1.205,1.138,1.144,386660615,447624992.00
2023/08/25,1.132,1.148,1.128,1.137,121436119,138193152.00
2023/08/28,1.194,1.196,1.147,1.153,158117788,185032176.00
2023/08/29,1.149,1.171,1.149,1.166,144357800,167471552.00
2023/08/30,1.167,1.168,1.140,1.146,179367388,205857520.00
2023/08/31,1.148,1.161,1.141,1.146,139001300,159624512.00
2023/09/01,1.148,1.162,1.148,1.158,111153700,128251736.00
2023/09/04,1.158,1.175,1.156,1.171,100530200,117422800.00
2023/09/05,1.166,1.166,1.151,1.155,91745148,105968344.00
2023/09/06,1.150,1.153,1.141,1.150,172579078,197862112.00
2023/09/07,1.146,1.152,1.133,1.135,68127300,77933448.00
2023/09/08,1.133,1.138,1.128,1.137,83217247,94160200.00
2023/09/11,1.136,1.146,1.130,1.143,69637500,79318600.00
2023/09/12,1.144,1.151,1.139,1.145,60972500,69898640.00
2023/09/13,1.140,1.150,1.134,1.140,97581400,111216728.00
2023/09/14,1.137,1.145,1.134,1.140,105629980,120274184.00
2023/09/15,1.144,1.145,1.124,1.128,95403200,108382032.00
2023/09/18,1.125,1.130,1.118,1.129,65242200,73481976.00
2023/09/19,1.130,1.135,1.125,1.130,55610300,62784168.00
2023/09/20,1.130,1.131,1.123,1.125,63276800,71328096.00
2023/09/21,1.122,1.129,1.111,1.111,61424800,68715920.00
2023/09/22,1.110,1.135,1.107,1.134,85711300,96165840.00
2023/09/25,1.131,1.133,1.117,1.120,48659800,54676872.00
2023/09/26,1.121,1.122,1.113,1.114,56137293,62682656.00
2023/09/27,1.114,1.134,1.114,1.131,122206360,137993120.00
2023/09/28,1.129,1.134,1.125,1.134,75933400,85805384.00
2023/10/09,1.131,1.131,1.117,1.125,82108000,92306760.00
2023/10/10,1.128,1.133,1.075,1.080,123922470,134877136.00
2023/10/11,1.078,1.088,1.077,1.080,70027700,75792816.00
2023/10/12,1.085,1.100,1.085,1.094,87118320,95311688.00
2023/10/13,1.089,1.089,1.076,1.080,43605220,47142604.00
2023/10/16,1.079,1.081,1.070,1.074,83044000,89164496.00
2023/10/17,1.077,1.082,1.071,1.078,45615600,49120724.00
2023/10/18,1.078,1.079,1.058,1.059,51284700,54540408.00
2023/10/19,1.057,1.059,1.043,1.044,80114600,84155736.00
2023/10/20,1.043,1.052,1.038,1.040,120781600,126110056.00
2023/10/23,1.038,1.038,1.008,1.015,165611200,168934336.00
2023/10/24,1.018,1.033,1.014,1.032,74194700,76054424.00
2023/10/25,1.076,1.077,1.053,1.056,133012500,141184224.00
2023/10/26,1.044,1.052,1.037,1.051,78810400,82234248.00
2023/10/27,1.043,1.061,1.041,1.058,82563300,86794840.00
2023/10/30,1.053,1.053,1.041,1.045,116030600,121145768.00
2023/10/31,1.045,1.046,1.035,1.040,66167500,68710424.00
2023/11/01,1.041,1.042,1.030,1.032,72544900,74971136.00
2023/11/02,1.032,1.040,1.025,1.027,43215000,44597756.00
2023/11/03,1.029,1.033,1.025,1.029,69597000,71585752.00
2023/11/06,1.033,1.045,1.029,1.044,107415200,111403288.00
2023/11/07,1.040,1.042,1.032,1.038,65430000,67807680.00
2023/11/08,1.037,1.038,1.029,1.034,113055300,116990912.00
2023/11/09,1.033,1.045,1.031,1.037,72922800,75740688.00
2023/11/10,1.034,1.035,1.019,1.026,73423200,75204168.00
2023/11/13,1.027,1.036,1.022,1.036,59435800,61146680.00
2023/11/14,1.035,1.045,1.034,1.039,63181227,65638052.00
2023/11/15,1.045,1.048,1.040,1.043,77789627,81182240.00
2023/11/16,1.043,1.043,1.031,1.032,58543411,60548516.00
2023/11/17,1.030,1.032,1.023,1.031,50171100,51576376.00
2023/11/20,1.031,1.035,1.025,1.032,53055400,54670012.00
2023/11/21,1.033,1.045,1.033,1.036,70178500,73014624.00
2023/11/22,1.035,1.037,1.027,1.027,101875100,105091176.00
2023/11/23,1.027,1.036,1.020,1.033,106769500,109936232.00
2023/11/24,1.032,1.037,1.023,1.024,62931800,64713424.00
2023/11/27,1.024,1.024,1.008,1.013,100556775,101688384.00
2023/11/28,1.012,1.015,1.008,1.014,38269500,38730152.00
2023/11/29,1.014,1.014,0.996,1.000,80779300,80911680.00
2023/11/30,1.000,1.007,0.997,1.001,43664600,43763308.00
2023/12/01,1.002,1.013,0.998,1.011,50986900,51293504.00
2023/12/04,1.013,1.016,1.010,1.011,53306700,54025012.00
2023/12/05,1.009,1.009,0.991,0.992,59206200,59186196.00
2023/12/06,0.990,0.997,0.985,0.993,64293700,63818216.00
2023/12/07,0.989,0.992,0.984,0.989,34165300,33764564.00
2023/12/08,0.989,0.994,0.983,0.983,87339727,86396944.00
2023/12/11,0.981,0.992,0.969,0.989,56860800,55685784.00
2023/12/12,0.985,0.998,0.984,0.998,48496400,48131968.00
2023/12/13,0.994,0.996,0.985,0.987,53509600,53075148.00
2023/12/14,0.989,0.993,0.984,0.988,59597600,58908652.00
2023/12/15,0.987,0.994,0.982,0.985,37388300,36940024.00
2023/12/18,0.983,0.988,0.972,0.973,57022200,55828152.00
2023/12/19,0.972,0.974,0.961,0.967,50438700,48834536.00
2023/12/20,0.969,0.975,0.962,0.963,34718400,33637272.00
2023/12/21,0.963,0.973,0.956,0.972,61616100,59513176.00
2023/12/22,0.972,0.979,0.964,0.973,79822600,77526560.00
2023/12/25,0.972,0.972,0.962,0.964,64979600,62693620.00
2023/12/26,0.966,0.966,0.957,0.957,43321300,41598080.00
2023/12/27,0.957,0.967,0.953,0.964,45301600,43439632.00
2023/12/28,0.962,0.986,0.961,0.982,55880500,54694056.00
2023/12/29,0.981,0.987,0.980,0.985,73478400,72266328.00
2024/01/02,0.986,0.989,0.981,0.982,47374200,46667712.00
2024/01/03,0.984,0.994,0.982,0.993,72816200,71983216.00
2024/01/04,0.994,0.995,0.977,0.985,58331800,57409464.00
2024/01/05,0.983,0.997,0.979,0.983,58674400,57953680.00
2024/01/08,0.981,0.988,0.964,0.964,82476546,80124264.00
2024/01/09,0.964,0.974,0.963,0.971,98406030,95436768.00
2024/01/10,0.970,0.972,0.960,0.962,52874700,51004032.00
2024/01/11,0.960,0.965,0.953,0.964,60621600,58148116.00
2024/01/12,0.962,0.978,0.960,0.968,43416500,42156724.00
2024/01/15,0.964,0.975,0.958,0.974,43504300,42134624.00
2024/01/16,0.970,0.975,0.958,0.970,54754000,52960148.00
2024/01/17,0.968,0.970,0.952,0.952,48776400,46988648.00
2024/01/18,0.950,0.950,0.918,0.944,81428000,75937072.00
2024/01/19,0.937,0.949,0.936,0.942,94882500,89440096.00
2024/01/22,0.937,0.941,0.905,0.909,59267800,55018024.00
2024/01/23,0.909,0.920,0.899,0.916,91358100,83254328.00
2024/01/24,0.917,0.965,0.917,0.965,172085300,162016496.00
2024/01/25,0.964,1.025,0.960,1.020,406346300,408929120.00
2024/01/26,1.019,1.040,1.013,1.035,223216697,228685136.00
2024/01/29,1.028,1.072,1.028,1.032,221305332,231215024.00
2024/01/30,1.021,1.045,1.016,1.019,229407200,236784512.00
2024/01/31,1.011,1.024,0.995,1.001,170527732,171840160.00
2024/02/01,0.990,0.993,0.970,0.973,166481243,163375168.00
2024/02/02,0.972,0.997,0.939,0.968,192533500,187710208.00
2024/02/05,0.960,0.960,0.914,0.926,135925200,127171152.00
2024/02/06,0.916,0.970,0.913,0.964,179088500,168959952.00
2024/02/07,0.956,0.991,0.953,0.990,186861300,182106016.00
2024/02/08,0.999,1.001,0.985,0.990,87547918,86876288.00
2024/02/19,0.994,1.001,0.986,1.000,113745823,113074080.00
2024/02/20,0.999,1.007,0.989,1.002,129120800,129113600.00
2024/02/21,0.999,1.040,0.995,1.020,124661801,127707488.00
2024/02/22,1.013,1.025,1.010,1.023,91028001,92681728.00
2024/02/23,1.023,1.032,1.017,1.030,111184700,113957520.00
2024/02/26,1.029,1.031,1.009,1.011,146433100,148794752.00
2024/02/27,1.007,1.023,1.004,1.023,102261600,103761816.00
2024/02/28,1.021,1.040,1.013,1.014,151501591,155985744.00
2024/02/29,1.012,1.028,1.008,1.028,78739700,80233264.00
2024/03/01,1.028,1.033,1.021,1.030,71421500,73351912.00
2024/03/04,1.028,1.029,1.009,1.018,121857400,123726592.00
2024/03/05,1.016,1.027,1.011,1.026,136046366,138863632.00
2024/03/06,1.023,1.034,1.016,1.022,123358500,125928624.00
2024/03/07,1.019,1.036,1.017,1.018,58629600,60203804.00
2024/03/08,1.017,1.029,1.013,1.026,86302700,88052416.00
2024/03/11,1.025,1.036,1.023,1.032,67024200,68863832.00
2024/03/12,1.031,1.032,1.018,1.026,164335060,168216704.00
2024/03/13,1.026,1.026,1.012,1.018,73586800,74754928.00
2024/03/14,1.012,1.037,1.012,1.027,85743200,88206672.00
2024/03/15,1.020,1.027,1.010,1.026,58002200,59048212.00
2024/03/18,1.026,1.049,1.026,1.046,88443007,92086528.00
2024/03/19,1.042,1.050,1.033,1.036,59389300,61726232.00
2024/03/20,1.036,1.040,1.029,1.039,38220000,39557996.00
2024/03/21,1.037,1.042,1.032,1.035,41076900,42552348.00
2024/03/22,1.032,1.035,1.015,1.019,76774200,78481248.00
2024/03/25,1.015,1.033,1.014,1.018,41165799,42114180.00
2024/03/26,1.014,1.023,1.010,1.022,46832793,47605800.00
2024/03/27,1.019,1.028,1.004,1.007,38727200,39393944.00
2024/03/28,1.006,1.020,1.001,1.013,48814900,49439592.00
2024/03/29,1.015,1.028,1.013,1.027,41714670,42624136.00
2024/04/01,1.032,1.049,1.031,1.047,53547900,55765472.00
2024/04/02,1.050,1.050,1.039,1.041,41891000,43753704.00
2024/04/03,1.041,1.047,1.035,1.044,80307600,83693160.00
2024/04/08,1.044,1.052,1.034,1.039,62710100,65532128.00
2024/04/09,1.037,1.040,1.024,1.026,43453600,44744504.00
2024/04/10,1.024,1.030,1.009,1.014,36881600,37567392.00
2024/04/11,1.010,1.033,1.006,1.026,42689700,43686024.00
2024/04/12,1.026,1.027,1.011,1.014,37637600,38367504.00
2024/04/15,1.016,1.063,1.004,1.062,140564399,146860240.00
2024/04/16,1.055,1.063,1.038,1.041,117373500,123449920.00
2024/04/17,1.035,1.074,1.033,1.074,100151300,105914536.00
2024/04/18,1.070,1.083,1.065,1.072,98072427,105279536.00
2024/04/19,1.067,1.085,1.064,1.076,84264951,90730392.00
2024/04/22,1.076,1.080,1.060,1.064,73207700,78209696.00
2024/04/23,1.063,1.063,1.036,1.039,83275200,86989040.00
2024/04/24,1.040,1.050,1.038,1.050,52696400,55074288.00
2024/04/25,1.050,1.054,1.041,1.050,48025000,50326880.00
2024/04/26,1.047,1.058,1.042,1.057,87147800,91489800.00
2024/04/29,1.056,1.064,1.044,1.063,70655800,74626480.00
2024/04/30,1.057,1.060,1.038,1.042,60870500,63570120.00
2024/05/06,1.050,1.060,1.048,1.056,70318500,74209496.00
2024/05/07,1.055,1.061,1.051,1.056,60348600,63710628.00
2024/05/08,1.055,1.055,1.043,1.044,46368300,48600264.00
2024/05/09,1.043,1.062,1.041,1.061,64316400,68004432.00
2024/05/10,1.065,1.069,1.056,1.069,77095700,82032528.00
2024/05/13,1.062,1.082,1.056,1.079,74075900,79558256.00
2024/05/14,1.080,1.083,1.073,1.078,45901600,49436016.00
2024/05/15,1.075,1.079,1.066,1.069,67257600,72066960.00
2024/05/16,1.068,1.088,1.068,1.082,80935600,87609648.00
2024/05/17,1.083,1.100,1.075,1.100,178325300,193449344.00
2024/05/20,1.100,1.102,1.090,1.097,80700600,88323072.00
2024/05/21,1.094,1.100,1.085,1.089,48353392,52762496.00
2024/05/22,1.087,1.105,1.087,1.099,134886500,147972832.00
2024/05/23,1.095,1.095,1.073,1.076,88173800,95262096.00
2024/05/24,1.071,1.083,1.068,1.069,52231900,56250272.00
2024/05/27,1.074,1.078,1.064,1.077,55093500,58972848.00
2024/05/28,1.077,1.080,1.066,1.067,52308700,56066776.00
2024/05/29,1.069,1.076,1.062,1.065,63239100,67636920.00
2024/05/30,1.066,1.071,1.055,1.057,45170500,47958740.00
2024/05/31,1.058,1.062,1.054,1.057,33260100,35199336.00
2024/06/03,1.055,1.056,1.044,1.051,64251800,67305632.00
2024/06/04,1.049,1.066,1.046,1.064,51493800,54400844.00
2024/06/05,1.066,1.066,1.051,1.052,50703500,53637148.00
2024/06/06,1.050,1.055,1.040,1.043,37189528,38977472.00
2024/06/07,1.046,1.051,1.039,1.050,56137200,58768912.00
2024/06/11,1.049,1.049,1.025,1.031,62113700,64123796.00
2024/06/12,1.028,1.034,1.020,1.034,31929100,32796122.00
2024/06/13,1.030,1.033,1.020,1.023,32625100,33463438.00
2024/06/14,1.019,1.028,1.017,1.027,36073000,36936712.00
2024/06/17,1.023,1.029,1.018,1.018,40923200,41820056.00
2024/06/18,1.020,1.041,1.019,1.039,48578900,50142480.00
2024/06/19,1.035,1.047,1.035,1.041,53661400,55911588.00
2024/06/20,1.040,1.042,1.023,1.026,57712300,59391608.00
2024/06/21,1.023,1.037,1.023,1.037,44349300,45790408.00
2024/06/24,1.032,1.033,1.015,1.017,41133200,42047888.00
2024/06/25,1.013,1.025,1.007,1.011,61357000,62338284.00
2024/06/26,1.011,1.021,1.003,1.019,42031000,42461824.00
2024/06/27,1.015,1.021,1.011,1.013,31478100,31980668.00
2024/06/28,1.011,1.037,1.010,1.027,44760257,46023496.00
2024/07/01,1.028,1.042,1.026,1.040,38608900,40018676.00
2024/07/02,1.042,1.042,1.028,1.033,34179000,35335896.00
2024/07/03,1.029,1.037,1.026,1.028,48064400,49623612.00
2024/07/04,1.029,1.033,1.014,1.015,37888600,38796448.00
2024/07/05,1.013,1.015,1.004,1.013,80563560,81404336.00
2024/07/08,1.007,1.012,0.986,0.989,45070500,44890304.00
2024/07/09,0.989,0.996,0.972,0.994,56476200,55565832.00
2024/07/10,0.990,0.993,0.977,0.980,37240800,36695944.00
2024/07/11,0.987,0.999,0.987,0.999,44235200,43997972.00
2024/07/12,0.998,1.004,0.991,0.994,37251600,37121052.00
2024/07/15,0.994,0.998,0.987,0.996,33072100,32860612.00
2024/07/16,0.994,0.994,0.987,0.993,33443500,33127580.00
2024/07/17,0.993,0.998,0.991,0.996,31888000,31698216.00
2024/07/18,0.992,0.996,0.981,0.995,50690300,50054084.00
2024/07/19,0.991,1.000,0.990,0.998,55289700,55013344.00
2024/07/22,0.999,1.000,0.986,0.993,43528600,43234276.00
2024/07/23,0.991,0.995,0.979,0.980,32143300,31800800.00
2024/07/24,0.975,0.989,0.975,0.985,42830700,42043476.00
2024/07/25,0.982,0.990,0.976,0.981,36397300,35668024.00
2024/07/26,0.982,0.991,0.979,0.987,33816100,33284648.00
2024/07/29,0.985,1.001,0.982,0.998,40619800,40367876.00
2024/07/30,0.994,1.003,0.993,1.001,38760300,38669260.00
2024/07/31,1.001,1.014,0.999,1.012,47241400,47587352.00
2024/08/01,1.012,1.026,1.012,1.019,54255500,55389608.00
2024/08/02,1.017,1.023,1.011,1.016,47016500,47821060.00
2024/08/05,1.010,1.020,0.998,0.999,43224100,43708044.00
2024/08/06,1.002,1.010,0.991,1.000,54459000,54377056.00
2024/08/07,0.998,1.003,0.995,0.996,30238400,30231988.00
2024/08/08,0.994,0.999,0.987,0.995,30211700,29994740.00
2024/08/09,0.997,1.007,0.996,0.998,40236900,40247580.00
数据来源:通达信
