159865 养殖ETF 日线 不复权
      日期	    开盘	    最高	    最低	    收盘	    成交量	    成交额
2021/03/08,0.992,1.010,0.959,0.959,62117107,61670508.00
2021/03/09,0.959,0.959,0.922,0.936,22349060,21069448.00
2021/03/10,0.939,0.958,0.933,0.935,14294626,13427469.00
2021/03/11,0.926,0.946,0.926,0.946,26608447,25020310.00
2021/03/12,0.953,0.953,0.926,0.946,29357963,27526206.00
2021/03/15,0.936,0.940,0.919,0.928,28116041,26119680.00
2021/03/16,0.925,0.934,0.923,0.929,22643035,21022328.00
2021/03/17,0.929,0.953,0.929,0.951,32168938,30399640.00
2021/03/18,0.951,0.951,0.938,0.944,32866812,31041346.00
2021/03/19,0.944,0.944,0.925,0.930,35751355,33215926.00
2021/03/22,0.930,0.945,0.919,0.944,27203746,25424718.00
2021/03/23,0.944,0.948,0.932,0.937,25239671,23655362.00
2021/03/24,0.937,0.939,0.929,0.937,27614348,25816124.00
2021/03/25,0.937,0.939,0.930,0.933,24721223,23084058.00
2021/03/26,0.933,0.934,0.922,0.931,28875615,26803962.00
2021/03/29,0.929,0.938,0.924,0.925,25424229,23580830.00
2021/03/30,0.925,0.933,0.919,0.928,32261823,29888804.00
2021/03/31,0.928,0.929,0.917,0.922,25221907,23225276.00
2021/04/01,0.922,0.923,0.912,0.921,32398837,29727716.00
2021/04/02,0.913,0.931,0.913,0.929,26380222,24412382.00
2021/04/06,0.929,0.929,0.918,0.929,36049107,33245944.00
2021/04/07,0.928,0.928,0.915,0.924,33716510,31040450.00
2021/04/08,0.923,0.923,0.916,0.920,25147008,23158544.00
2021/04/09,0.919,0.919,0.905,0.911,27690418,25207256.00
2021/04/12,0.911,0.920,0.898,0.904,33610710,30464294.00
2021/04/13,0.902,0.916,0.902,0.909,30919306,28129246.00
2021/04/14,0.910,0.910,0.887,0.894,29411608,26247828.00
2021/04/15,0.893,0.894,0.884,0.890,32349709,28697042.00
2021/04/16,0.889,0.892,0.886,0.890,25692211,22857350.00
2021/04/19,0.890,0.906,0.883,0.905,33793232,30395954.00
2021/04/20,0.904,0.928,0.903,0.921,34075254,31451258.00
2021/04/21,0.920,0.921,0.910,0.921,35818910,32869842.00
2021/04/22,0.916,0.920,0.912,0.918,30921803,28291324.00
2021/04/23,0.918,0.921,0.911,0.916,29821302,27292932.00
2021/04/26,0.915,0.920,0.905,0.907,28130914,25609046.00
2021/04/27,0.906,0.907,0.897,0.903,30726618,27708606.00
2021/04/28,0.903,0.909,0.900,0.908,28462402,25780550.00
2021/04/29,0.908,0.923,0.905,0.920,33598617,30790296.00
2021/04/30,0.921,0.923,0.911,0.917,34831715,32020864.00
2021/05/06,0.905,0.914,0.898,0.898,33291202,30078928.00
2021/05/07,0.898,0.903,0.889,0.895,38105324,34165260.00
2021/05/10,0.893,0.893,0.863,0.869,36092212,31509612.00
2021/05/11,0.861,0.874,0.861,0.874,32659906,28352678.00
2021/05/12,0.873,0.891,0.873,0.889,36514514,32235572.00
2021/05/13,0.880,0.885,0.876,0.878,34846407,30643460.00
2021/05/14,0.878,0.893,0.878,0.889,40630718,35967760.00
2021/05/17,0.890,0.896,0.889,0.895,38285107,34195512.00
2021/05/18,0.895,0.897,0.886,0.893,34101511,30342556.00
2021/05/19,0.895,0.896,0.880,0.882,32434506,28650216.00
2021/05/20,0.881,0.890,0.879,0.889,39009121,34431764.00
2021/05/21,0.888,0.892,0.878,0.881,33911312,29942144.00
2021/05/24,0.882,0.883,0.860,0.865,42219550,36570776.00
2021/05/25,0.865,0.875,0.857,0.873,36519022,31669012.00
2021/05/26,0.873,0.876,0.866,0.874,39657895,34567448.00
2021/05/27,0.870,0.876,0.867,0.873,40847414,35592552.00
2021/05/28,0.872,0.873,0.862,0.866,39772134,34428352.00
2021/05/31,0.866,0.867,0.852,0.862,35800008,30682326.00
2021/06/01,0.863,0.868,0.857,0.867,39684308,34221460.00
2021/06/02,0.870,0.884,0.867,0.877,47688119,41789136.00
2021/06/03,0.878,0.886,0.870,0.872,43985008,38557696.00
2021/06/04,0.870,0.880,0.865,0.877,42184406,36899796.00
2021/06/07,0.876,0.876,0.862,0.867,38952323,33728492.00
2021/06/08,0.867,0.871,0.866,0.870,38855708,33767072.00
2021/06/09,0.870,0.874,0.861,0.867,51591418,44754128.00
2021/06/10,0.867,0.867,0.853,0.856,52205847,44684764.00
2021/06/11,0.857,0.857,0.847,0.849,40854041,34790660.00
2021/06/15,0.848,0.848,0.829,0.830,34886109,29036270.00
2021/06/16,0.833,0.833,0.821,0.824,37878014,31283738.00
2021/06/17,0.826,0.828,0.806,0.814,51507805,41886128.00
2021/06/18,0.812,0.820,0.805,0.819,45681828,37041152.00
2021/06/21,0.815,0.815,0.799,0.801,51054521,41097236.00
2021/06/22,0.803,0.810,0.796,0.809,56530809,45545144.00
2021/06/23,0.809,0.817,0.802,0.816,57196443,46244148.00
2021/06/24,0.817,0.817,0.808,0.809,36468402,29544332.00
2021/06/25,0.811,0.817,0.809,0.817,53177822,43258688.00
2021/06/28,0.824,0.855,0.824,0.855,92430160,78083056.00
2021/06/29,0.855,0.855,0.833,0.840,62655800,52606804.00
2021/06/30,0.842,0.843,0.833,0.838,41219505,34451152.00
2021/07/01,0.840,0.842,0.832,0.833,46480002,38915868.00
2021/07/02,0.829,0.844,0.825,0.830,50805001,42400800.00
2021/07/05,0.830,0.833,0.817,0.827,43824702,36088628.00
2021/07/06,0.827,0.833,0.818,0.832,44211407,36378620.00
2021/07/07,0.830,0.833,0.818,0.822,42952511,35277228.00
2021/07/08,0.822,0.825,0.815,0.816,44657063,36540792.00
2021/07/09,0.815,0.824,0.813,0.820,44060402,35954500.00
2021/07/12,0.820,0.822,0.808,0.814,49100700,39926420.00
2021/07/13,0.813,0.816,0.807,0.815,46723613,38003772.00
2021/07/14,0.817,0.817,0.805,0.807,48211709,39029288.00
2021/07/15,0.806,0.806,0.795,0.799,68484905,54700664.00
2021/07/16,0.799,0.799,0.784,0.785,61341200,48311124.00
2021/07/19,0.783,0.783,0.763,0.775,70953308,54634048.00
2021/07/20,0.771,0.780,0.771,0.776,44267006,34265628.00
2021/07/21,0.780,0.781,0.769,0.770,66441805,51315776.00
2021/07/22,0.771,0.775,0.767,0.768,55387203,42644512.00
2021/07/23,0.768,0.769,0.754,0.756,67933407,51478360.00
2021/07/26,0.757,0.758,0.743,0.745,57463403,42987320.00
2021/07/27,0.745,0.749,0.728,0.730,59670201,44073848.00
2021/07/28,0.729,0.729,0.705,0.711,58975904,41949144.00
2021/07/29,0.716,0.724,0.710,0.715,43583301,31224306.00
2021/07/30,0.718,0.725,0.704,0.725,53152110,38124424.00
2021/08/02,0.717,0.760,0.712,0.749,80430900,59790752.00
2021/08/03,0.749,0.760,0.743,0.757,58001000,43806424.00
2021/08/04,0.757,0.760,0.745,0.752,49292203,36929816.00
2021/08/05,0.749,0.760,0.747,0.748,55572236,41783736.00
2021/08/06,0.746,0.752,0.740,0.749,48033501,35842232.00
2021/08/09,0.749,0.781,0.748,0.780,90026407,69593640.00
2021/08/10,0.775,0.783,0.765,0.781,69584662,53939112.00
2021/08/11,0.778,0.782,0.772,0.777,54178800,42094196.00
2021/08/12,0.780,0.791,0.770,0.771,52317203,40588228.00
2021/08/13,0.768,0.773,0.760,0.772,56507806,43253444.00
2021/08/16,0.773,0.774,0.766,0.769,45904500,35324752.00
2021/08/17,0.767,0.771,0.750,0.751,47862008,36414308.00
2021/08/18,0.747,0.751,0.741,0.748,46430002,34564660.00
2021/08/19,0.744,0.749,0.737,0.739,48668402,36100884.00
2021/08/20,0.736,0.739,0.723,0.734,51452801,37456716.00
2021/08/23,0.730,0.740,0.728,0.737,47860600,35249496.00
2021/08/24,0.738,0.742,0.733,0.737,91803604,67640200.00
2021/08/25,0.738,0.742,0.733,0.738,63374305,46783072.00
2021/08/26,0.741,0.741,0.721,0.722,65566700,47581208.00
2021/08/27,0.719,0.723,0.715,0.717,52552315,37779852.00
2021/08/30,0.717,0.717,0.704,0.706,63164503,44806984.00
2021/08/31,0.707,0.720,0.706,0.711,56242700,39994684.00
2021/09/01,0.711,0.725,0.701,0.722,72792305,51978392.00
2021/09/02,0.722,0.722,0.715,0.719,62607805,44880480.00
2021/09/03,0.719,0.736,0.716,0.734,78701901,57273272.00
2021/09/06,0.736,0.743,0.729,0.743,120945002,89404056.00
2021/09/07,0.741,0.746,0.736,0.746,69296500,51387612.00
2021/09/08,0.742,0.750,0.738,0.748,69791009,51932356.00
2021/09/09,0.746,0.750,0.743,0.745,59774002,44605380.00
2021/09/10,0.743,0.751,0.741,0.742,61270714,45712936.00
2021/09/13,0.742,0.742,0.735,0.740,56707300,41840732.00
2021/09/14,0.740,0.742,0.726,0.726,63106201,46358820.00
2021/09/15,0.725,0.729,0.720,0.724,50634204,36626052.00
2021/09/16,0.722,0.759,0.721,0.755,157895205,117976840.00
2021/09/17,0.753,0.756,0.736,0.751,122703940,91262904.00
2021/09/22,0.742,0.743,0.729,0.733,92227604,67736896.00
2021/09/23,0.735,0.753,0.733,0.747,88331701,65397452.00
2021/09/24,0.744,0.763,0.740,0.756,112298201,84898760.00
2021/09/27,0.756,0.790,0.750,0.789,220039618,171387280.00
2021/09/28,0.783,0.787,0.766,0.779,168988800,130941232.00
2021/09/29,0.774,0.797,0.761,0.783,179624401,140016304.00
2021/09/30,0.781,0.803,0.780,0.789,112995622,89590728.00
2021/10/08,0.791,0.828,0.785,0.819,140587102,114254712.00
2021/10/11,0.821,0.835,0.809,0.825,144576100,118860496.00
2021/10/12,0.824,0.824,0.805,0.810,111701601,90884104.00
2021/10/13,0.812,0.813,0.785,0.807,121668610,97135000.00
2021/10/14,0.800,0.807,0.792,0.798,158458000,126265672.00
2021/10/15,0.785,0.810,0.777,0.778,108027000,85374744.00
2021/10/18,0.778,0.801,0.764,0.801,122793004,96265448.00
2021/10/19,0.790,0.844,0.788,0.841,190305001,156686992.00
2021/10/20,0.836,0.838,0.820,0.825,124035382,102874368.00
2021/10/21,0.827,0.831,0.808,0.812,127076600,103889360.00
2021/10/22,0.809,0.819,0.804,0.808,94335917,76384760.00
2021/10/25,0.830,0.838,0.805,0.808,120890320,98726776.00
2021/10/26,0.805,0.810,0.796,0.799,113403487,91000664.00
2021/10/27,0.797,0.810,0.789,0.804,149250400,119506864.00
2021/10/28,0.803,0.804,0.785,0.791,115300200,91470424.00
2021/10/29,0.792,0.821,0.792,0.815,138221001,111903992.00
2021/11/01,0.807,0.828,0.804,0.827,106459400,87303960.00
2021/11/02,0.825,0.836,0.817,0.828,109565202,90603472.00
2021/11/03,0.830,0.872,0.827,0.860,241067113,206902448.00
2021/11/04,0.855,0.885,0.853,0.876,120432004,105041840.00
2021/11/05,0.871,0.881,0.856,0.859,93684414,81075976.00
2021/11/08,0.858,0.863,0.849,0.855,78115902,66848244.00
2021/11/09,0.852,0.864,0.850,0.861,87717902,75225952.00
2021/11/10,0.853,0.863,0.845,0.852,92757303,79032784.00
2021/11/11,0.852,0.866,0.848,0.856,87750400,75350176.00
2021/11/12,0.856,0.875,0.853,0.867,146050399,126905704.00
2021/11/15,0.874,0.888,0.859,0.871,87568600,76229576.00
2021/11/16,0.871,0.875,0.862,0.863,95727904,83029752.00
2021/11/17,0.863,0.863,0.849,0.858,76959201,65797196.00
2021/11/18,0.858,0.869,0.851,0.859,88968900,76559912.00
2021/11/19,0.854,0.858,0.845,0.856,95145339,81011480.00
2021/11/22,0.857,0.858,0.847,0.852,102023590,86756200.00
2021/11/23,0.852,0.857,0.839,0.840,139653400,118216080.00
2021/11/24,0.837,0.843,0.822,0.823,131953869,109112424.00
2021/11/25,0.825,0.826,0.819,0.821,79724109,65548224.00
2021/11/26,0.821,0.822,0.814,0.819,80999001,66208260.00
2021/11/29,0.811,0.824,0.810,0.819,93340905,76389152.00
2021/11/30,0.817,0.822,0.808,0.813,91003301,74145616.00
2021/12/01,0.808,0.815,0.807,0.815,73633800,59729684.00
2021/12/02,0.812,0.827,0.812,0.822,115891500,95302200.00
2021/12/03,0.822,0.836,0.818,0.836,119615900,99242608.00
2021/12/06,0.835,0.836,0.820,0.821,104751284,86436328.00
2021/12/07,0.816,0.824,0.809,0.823,82712801,67717168.00
2021/12/08,0.821,0.834,0.819,0.833,84046993,69638360.00
2021/12/09,0.832,0.844,0.830,0.837,86360900,72529624.00
2021/12/10,0.834,0.847,0.834,0.840,68815523,57868576.00
2021/12/13,0.839,0.843,0.834,0.836,104214003,87357864.00
2021/12/14,0.832,0.840,0.830,0.832,64375688,53707248.00
2021/12/15,0.830,0.836,0.824,0.825,81526900,67577368.00
2021/12/16,0.825,0.826,0.815,0.823,88314426,72412864.00
2021/12/17,0.823,0.827,0.815,0.823,100543600,82515056.00
2021/12/20,0.822,0.832,0.818,0.825,94130300,77795208.00
2021/12/21,0.825,0.836,0.821,0.836,100868403,83346008.00
2021/12/22,0.836,0.853,0.833,0.853,131163120,111145536.00
2021/12/23,0.853,0.877,0.850,0.876,164467026,142720272.00
2021/12/24,0.875,0.892,0.872,0.891,154093948,136072896.00
2021/12/27,0.894,0.905,0.884,0.886,115214420,102612744.00
2021/12/28,0.883,0.892,0.878,0.883,80611102,71216192.00
2021/12/29,0.882,0.885,0.868,0.872,67433695,59000064.00
2021/12/30,0.870,0.882,0.869,0.876,89438301,78377016.00
2021/12/31,0.875,0.901,0.873,0.899,104388313,92869240.00
2022/01/04,0.902,0.939,0.898,0.938,128929244,119163184.00
2022/01/05,0.938,0.962,0.932,0.941,149766724,141842320.00
2022/01/06,0.930,0.938,0.923,0.936,94297609,87775576.00
2022/01/07,0.936,0.940,0.912,0.914,112071880,103873224.00
2022/01/10,0.910,0.961,0.910,0.960,224048216,211414368.00
2022/01/11,0.956,0.957,0.930,0.934,116700900,109930232.00
2022/01/12,0.932,0.941,0.921,0.938,96711508,90108576.00
2022/01/13,0.939,0.950,0.908,0.909,141370300,131681240.00
2022/01/14,0.908,0.926,0.901,0.903,102931500,93965208.00
2022/01/17,0.901,0.906,0.886,0.905,74146600,66704240.00
2022/01/18,0.905,0.905,0.887,0.896,96465802,86216696.00
2022/01/19,0.894,0.896,0.880,0.887,122345900,108546944.00
2022/01/20,0.883,0.923,0.883,0.913,152196805,138479920.00
2022/01/21,0.909,0.909,0.875,0.876,131142200,116283328.00
2022/01/24,0.866,0.890,0.864,0.877,77465200,68256592.00
2022/01/25,0.877,0.882,0.847,0.848,65766700,56936424.00
2022/01/26,0.848,0.862,0.844,0.860,94747700,80984136.00
2022/01/27,0.858,0.880,0.842,0.844,87656800,75547632.00
2022/01/28,0.844,0.876,0.844,0.867,138090200,119041712.00
2022/02/07,0.865,0.879,0.843,0.879,224027800,194112416.00
2022/02/08,0.866,0.881,0.858,0.881,223139705,193920592.00
2022/02/09,0.880,0.906,0.872,0.905,172238601,154350064.00
2022/02/10,0.899,0.942,0.897,0.934,170611604,157901888.00
2022/02/11,0.929,0.933,0.908,0.914,135055510,124297992.00
2022/02/14,0.906,0.916,0.877,0.883,139651800,124205968.00
2022/02/15,0.883,0.885,0.869,0.880,91697000,80207032.00
2022/02/16,0.880,0.882,0.863,0.869,137828900,119939288.00
2022/02/17,0.868,0.882,0.854,0.882,199622401,173955904.00
2022/02/18,0.874,0.898,0.871,0.889,133152406,118072392.00
2022/02/21,0.888,0.900,0.886,0.893,125310301,111884848.00
2022/02/22,0.889,0.893,0.878,0.885,81826200,72392304.00
2022/02/23,0.893,0.900,0.871,0.875,102551601,90132504.00
2022/02/24,0.869,0.875,0.845,0.851,199077318,170645232.00
2022/02/25,0.856,0.861,0.846,0.852,73848854,62944832.00
2022/02/28,0.851,0.857,0.840,0.850,108837946,92398144.00
2022/03/01,0.858,0.895,0.852,0.895,231623302,202880992.00
2022/03/02,0.887,0.901,0.880,0.888,125566002,111732408.00
2022/03/03,0.888,0.889,0.874,0.877,163211603,143809264.00
2022/03/04,0.871,0.901,0.870,0.887,161768606,143522384.00
2022/03/07,0.882,0.895,0.864,0.866,185722061,162828480.00
2022/03/08,0.860,0.871,0.832,0.832,178559625,151361280.00
2022/03/09,0.831,0.849,0.788,0.824,153275207,126009280.00
2022/03/10,0.838,0.839,0.820,0.824,96027900,79558464.00
2022/03/11,0.814,0.848,0.804,0.846,211006348,175360272.00
2022/03/14,0.833,0.848,0.810,0.813,114609649,94872328.00
2022/03/15,0.800,0.809,0.768,0.769,163475201,129607864.00
2022/03/16,0.784,0.787,0.745,0.787,138299609,106170728.00
2022/03/17,0.787,0.816,0.783,0.805,163887601,132000504.00
2022/03/18,0.804,0.828,0.798,0.826,91074801,74350200.00
2022/03/21,0.823,0.853,0.823,0.846,113481701,95466032.00
2022/03/22,0.843,0.867,0.836,0.855,117105003,99749728.00
2022/03/23,0.852,0.860,0.847,0.856,169794518,144861488.00
2022/03/24,0.855,0.864,0.849,0.853,121893019,104346944.00
2022/03/25,0.848,0.882,0.847,0.865,181671610,158048880.00
2022/03/28,0.862,0.871,0.853,0.860,85423033,73488752.00
2022/03/29,0.860,0.897,0.852,0.892,150317085,132665016.00
2022/03/30,0.880,0.899,0.873,0.896,149222074,132965168.00
2022/03/31,0.891,0.898,0.879,0.887,138741936,123100880.00
2022/04/01,0.890,0.904,0.877,0.891,129833503,115733864.00
2022/04/06,0.889,0.907,0.886,0.897,118046876,105807064.00
2022/04/07,0.890,0.894,0.864,0.864,157282800,137575008.00
2022/04/08,0.864,0.866,0.838,0.850,119730760,101529256.00
2022/04/11,0.850,0.871,0.844,0.856,165454971,142250288.00
2022/04/12,0.851,0.866,0.844,0.864,93911138,80548608.00
2022/04/13,0.864,0.873,0.840,0.842,112137600,95653368.00
2022/04/14,0.845,0.859,0.823,0.857,102513371,86659744.00
2022/04/15,0.850,0.867,0.841,0.853,109882492,93819744.00
2022/04/18,0.846,0.888,0.845,0.888,149825420,130382752.00
2022/04/19,0.892,0.921,0.885,0.899,224196563,202200368.00
2022/04/20,0.888,0.903,0.873,0.877,243217704,215149456.00
2022/04/21,0.872,0.888,0.833,0.839,200908706,171815184.00
2022/04/22,0.831,0.838,0.805,0.812,220795397,179861856.00
2022/04/25,0.804,0.818,0.772,0.778,182719801,145827040.00
2022/04/26,0.771,0.779,0.739,0.739,238620500,180918576.00
2022/04/27,0.734,0.777,0.719,0.777,179149000,134604432.00
2022/04/28,0.764,0.774,0.742,0.754,180336000,136174224.00
2022/04/29,0.757,0.761,0.741,0.748,223100500,167165072.00
2022/05/05,0.747,0.765,0.741,0.758,180041800,136299360.00
2022/05/06,0.741,0.753,0.736,0.746,126318600,94082784.00
2022/05/09,0.749,0.765,0.743,0.757,289524200,218559344.00
2022/05/10,0.748,0.761,0.739,0.761,291151818,219802368.00
2022/05/11,0.764,0.766,0.754,0.754,256976818,195437168.00
2022/05/12,0.753,0.766,0.740,0.749,248350100,186702464.00
2022/05/13,0.751,0.757,0.733,0.745,345678700,256424528.00
2022/05/16,0.748,0.767,0.743,0.765,249096400,188809632.00
2022/05/17,0.769,0.769,0.753,0.761,230162500,174584512.00
2022/05/18,0.761,0.762,0.754,0.758,136519800,103536488.00
2022/05/19,0.750,0.754,0.740,0.747,271347700,202093072.00
2022/05/20,0.745,0.756,0.742,0.750,217701410,162834784.00
2022/05/23,0.753,0.773,0.752,0.767,240788456,183709216.00
2022/05/24,0.763,0.765,0.740,0.742,224525018,168555264.00
2022/05/25,0.742,0.760,0.739,0.759,209419877,157511584.00
2022/05/26,0.758,0.763,0.748,0.758,155083505,117341984.00
2022/05/27,0.761,0.765,0.747,0.754,171814275,129683000.00
2022/05/30,0.755,0.765,0.750,0.755,155857102,117856048.00
2022/05/31,0.755,0.772,0.750,0.771,260156141,199270400.00
2022/06/01,0.767,0.774,0.761,0.766,150696000,115572024.00
2022/06/02,0.761,0.765,0.752,0.760,162052519,122694872.00
2022/06/06,0.756,0.761,0.751,0.761,207927800,157107808.00
2022/06/07,0.766,0.773,0.758,0.767,310696301,237852656.00
2022/06/08,0.764,0.778,0.760,0.767,303568500,232676448.00
2022/06/09,0.767,0.791,0.767,0.782,363394890,283199072.00
2022/06/10,0.778,0.779,0.770,0.778,281682800,218036288.00
2022/06/13,0.777,0.800,0.776,0.792,327816979,259263104.00
2022/06/14,0.784,0.817,0.783,0.810,348737380,280668032.00
2022/06/15,0.810,0.824,0.805,0.813,286958194,233938016.00
2022/06/16,0.815,0.844,0.813,0.837,321077720,266541680.00
2022/06/17,0.830,0.836,0.817,0.834,234674805,193892800.00
2022/06/20,0.836,0.848,0.830,0.844,481166254,403337056.00
2022/06/21,0.844,0.851,0.832,0.839,258886482,217909600.00
2022/06/22,0.838,0.864,0.830,0.850,284069119,241011168.00
2022/06/23,0.850,0.857,0.836,0.848,189400856,159980496.00
2022/06/24,0.849,0.855,0.843,0.847,159795267,135305952.00
2022/06/27,0.856,0.868,0.855,0.866,202657290,174447200.00
2022/06/28,0.868,0.881,0.852,0.856,283914513,244779424.00
2022/06/29,0.848,0.854,0.819,0.820,268327376,223624320.00
2022/06/30,0.825,0.830,0.814,0.826,320422896,263760128.00
2022/07/01,0.825,0.845,0.824,0.836,232857030,194631936.00
2022/07/04,0.850,0.912,0.850,0.905,494260659,433654976.00
2022/07/05,0.900,0.906,0.882,0.901,440487876,394928320.00
2022/07/06,0.884,0.907,0.875,0.880,257451425,228505968.00
2022/07/07,0.882,0.914,0.882,0.899,305790639,275194560.00
2022/07/08,0.899,0.917,0.892,0.906,259542906,235485792.00
2022/07/11,0.906,0.938,0.903,0.921,294486661,271432832.00
2022/07/12,0.920,0.931,0.895,0.895,250714509,228114368.00
2022/07/13,0.894,0.906,0.880,0.898,186088483,166011328.00
2022/07/14,0.895,0.904,0.882,0.891,169784341,151607648.00
2022/07/15,0.884,0.893,0.870,0.873,170920800,150393664.00
2022/07/18,0.868,0.879,0.856,0.876,217271000,189295936.00
2022/07/19,0.877,0.883,0.861,0.877,233343700,203985488.00
2022/07/20,0.879,0.883,0.861,0.868,200207500,174243104.00
2022/07/21,0.865,0.881,0.862,0.866,130181621,113358528.00
2022/07/22,0.865,0.868,0.846,0.851,165408907,141525296.00
2022/07/25,0.847,0.851,0.840,0.843,141859128,119971352.00
2022/07/26,0.844,0.853,0.841,0.851,137495900,116665984.00
2022/07/27,0.849,0.854,0.842,0.852,226720100,192429024.00
2022/07/28,0.857,0.868,0.848,0.849,166551427,142963536.00
2022/07/29,0.848,0.875,0.847,0.868,302456686,262102224.00
2022/08/01,0.868,0.868,0.855,0.860,111798933,96457240.00
2022/08/02,0.853,0.860,0.839,0.848,257168259,218464672.00
2022/08/03,0.845,0.854,0.823,0.827,237913000,198853600.00
2022/08/04,0.827,0.844,0.826,0.839,136999000,114552448.00
2022/08/05,0.843,0.846,0.832,0.845,125639268,105312112.00
2022/08/08,0.846,0.862,0.842,0.845,159388990,135393936.00
2022/08/09,0.845,0.845,0.823,0.830,220215714,182293152.00
2022/08/10,0.830,0.832,0.818,0.826,185357000,152492352.00
2022/08/11,0.826,0.835,0.823,0.833,169208501,140486064.00
2022/08/12,0.834,0.835,0.826,0.831,163795400,135863760.00
2022/08/15,0.831,0.835,0.823,0.830,137448101,113805448.00
2022/08/16,0.830,0.850,0.826,0.850,289382407,243102480.00
2022/08/17,0.847,0.854,0.843,0.847,217006402,183641664.00
2022/08/18,0.845,0.846,0.832,0.832,181437000,151713408.00
2022/08/19,0.830,0.869,0.829,0.859,432527760,370711040.00
2022/08/22,0.860,0.875,0.860,0.871,236465199,205364784.00
2022/08/23,0.870,0.887,0.865,0.880,185873437,163654880.00
2022/08/24,0.882,0.899,0.872,0.873,241916071,213641488.00
2022/08/25,0.878,0.896,0.878,0.890,223160200,198169632.00
2022/08/26,0.888,0.901,0.882,0.897,205556899,183542928.00
2022/08/29,0.890,0.910,0.886,0.892,365705700,326548736.00
2022/08/30,0.886,0.903,0.879,0.898,192757664,171817120.00
2022/08/31,0.892,0.908,0.878,0.879,244609264,217970928.00
2022/09/01,0.875,0.891,0.874,0.880,135252217,119328624.00
2022/09/02,0.878,0.891,0.874,0.888,122128900,108045840.00
2022/09/05,0.889,0.894,0.870,0.883,237162480,208689216.00
2022/09/06,0.882,0.895,0.877,0.887,321151764,285420000.00
2022/09/07,0.884,0.886,0.870,0.873,259518847,227155376.00
2022/09/08,0.873,0.885,0.854,0.854,155753939,134696416.00
2022/09/09,0.856,0.860,0.844,0.851,159531365,135808944.00
2022/09/13,0.855,0.881,0.853,0.877,175153133,152186928.00
2022/09/14,0.870,0.871,0.859,0.862,152058680,131431472.00
2022/09/15,0.860,0.865,0.836,0.845,218339734,185138944.00
2022/09/16,0.845,0.852,0.831,0.834,152633000,128551448.00
2022/09/19,0.835,0.847,0.828,0.836,200119500,167425344.00
2022/09/20,0.837,0.841,0.826,0.828,188687900,156966928.00
2022/09/21,0.827,0.827,0.812,0.814,139370020,113741696.00
2022/09/22,0.812,0.818,0.805,0.806,207934762,168318112.00
2022/09/23,0.805,0.806,0.780,0.794,164246682,130200160.00
2022/09/26,0.785,0.790,0.767,0.767,132674202,103343688.00
2022/09/27,0.774,0.793,0.768,0.792,185032202,144448352.00
2022/09/28,0.788,0.803,0.784,0.786,159334140,126384608.00
2022/09/29,0.793,0.804,0.784,0.791,116790120,92734456.00
2022/09/30,0.790,0.800,0.780,0.780,150021100,118473000.00
2022/10/10,0.811,0.830,0.806,0.819,251114664,205651008.00
2022/10/11,0.819,0.827,0.805,0.818,128878934,105182304.00
2022/10/12,0.818,0.837,0.813,0.837,190337800,157261872.00
2022/10/13,0.828,0.867,0.825,0.852,218063449,184446096.00
2022/10/14,0.851,0.859,0.849,0.856,139583903,119130208.00
2022/10/17,0.852,0.866,0.841,0.863,154461919,132719360.00
2022/10/18,0.863,0.879,0.859,0.866,135508603,117486480.00
2022/10/19,0.864,0.875,0.831,0.831,185699800,157158880.00
2022/10/20,0.828,0.841,0.824,0.829,125656500,104429512.00
2022/10/21,0.830,0.837,0.824,0.830,128836500,106947032.00
2022/10/24,0.828,0.831,0.802,0.806,215799702,175495120.00
2022/10/25,0.808,0.814,0.787,0.795,220104977,174818288.00
2022/10/26,0.792,0.803,0.766,0.778,259429718,203101776.00
2022/10/27,0.774,0.786,0.762,0.780,294685431,228146528.00
2022/10/28,0.773,0.775,0.741,0.742,233509331,176210256.00
2022/10/31,0.736,0.760,0.729,0.754,192370910,144284720.00
2022/11/01,0.754,0.781,0.752,0.780,226112400,174737712.00
2022/11/02,0.777,0.791,0.774,0.785,233965200,183610304.00
2022/11/03,0.779,0.789,0.776,0.788,150832000,117989896.00
2022/11/04,0.788,0.798,0.785,0.793,159090200,125969568.00
2022/11/07,0.791,0.805,0.789,0.803,144238400,115421880.00
2022/11/08,0.807,0.816,0.793,0.798,184366213,148044816.00
2022/11/09,0.798,0.802,0.787,0.787,126758200,100261192.00
2022/11/10,0.784,0.799,0.783,0.799,123524600,97826496.00
2022/11/11,0.810,0.812,0.798,0.804,123874669,99633704.00
2022/11/14,0.805,0.815,0.801,0.805,148791044,120019456.00
2022/11/15,0.802,0.809,0.800,0.808,133671100,107441976.00
2022/11/16,0.810,0.812,0.798,0.800,114648400,92183240.00
2022/11/17,0.796,0.815,0.792,0.810,154644300,124633208.00
2022/11/18,0.808,0.815,0.798,0.800,93684819,75302808.00
2022/11/21,0.793,0.800,0.783,0.800,119821700,95084824.00
2022/11/22,0.798,0.802,0.782,0.786,125548900,99257480.00
2022/11/23,0.785,0.786,0.770,0.777,115284100,89446816.00
2022/11/24,0.776,0.789,0.776,0.780,93677000,73200392.00
2022/11/25,0.778,0.787,0.774,0.784,84707500,66222892.00
2022/11/28,0.778,0.781,0.765,0.780,115806060,89647888.00
2022/11/29,0.778,0.788,0.778,0.788,93179209,73148760.00
2022/11/30,0.789,0.804,0.787,0.792,154808210,123212392.00
2022/12/01,0.800,0.805,0.796,0.803,248632881,199397312.00
2022/12/02,0.802,0.819,0.799,0.815,190231881,153926160.00
2022/12/05,0.820,0.820,0.807,0.815,176757289,143655664.00
2022/12/06,0.812,0.822,0.808,0.815,141167405,115254096.00
2022/12/07,0.814,0.836,0.814,0.826,229613481,189792048.00
2022/12/08,0.821,0.822,0.799,0.802,165005900,133363896.00
2022/12/09,0.797,0.802,0.787,0.799,128273733,101633256.00
2022/12/12,0.790,0.796,0.783,0.789,128155572,101085912.00
2022/12/13,0.788,0.812,0.787,0.810,212040923,170365536.00
2022/12/14,0.808,0.809,0.799,0.809,130456601,104787224.00
2022/12/15,0.809,0.810,0.795,0.800,136731000,109294280.00
2022/12/16,0.793,0.799,0.790,0.798,114785786,91222320.00
2022/12/19,0.793,0.795,0.774,0.778,226058800,176532480.00
2022/12/20,0.773,0.778,0.757,0.759,140117000,107143760.00
2022/12/21,0.759,0.778,0.757,0.768,178606700,137457744.00
2022/12/22,0.771,0.788,0.770,0.777,205891700,160597056.00
2022/12/23,0.774,0.777,0.764,0.768,95003900,73264216.00
2022/12/26,0.776,0.782,0.768,0.772,92382100,71389296.00
2022/12/27,0.773,0.788,0.772,0.787,122568653,95820912.00
2022/12/28,0.782,0.788,0.774,0.776,128789668,100434928.00
2022/12/29,0.775,0.776,0.769,0.771,92392463,71286184.00
2022/12/30,0.772,0.783,0.768,0.783,102634805,79681064.00
2023/01/03,0.778,0.783,0.768,0.777,182603051,141427168.00
2023/01/04,0.777,0.783,0.772,0.778,120969327,94187376.00
2023/01/05,0.780,0.783,0.773,0.781,188115448,146313024.00
2023/01/06,0.781,0.781,0.773,0.776,121196725,94072664.00
2023/01/09,0.776,0.790,0.772,0.789,411715327,322179424.00
2023/01/10,0.785,0.791,0.780,0.789,203716200,160264400.00
2023/01/11,0.787,0.794,0.782,0.789,164019901,129140168.00
2023/01/12,0.789,0.791,0.782,0.783,173188900,136097056.00
2023/01/13,0.785,0.805,0.784,0.801,263419203,210440864.00
2023/01/16,0.803,0.821,0.803,0.819,274150202,223694192.00
2023/01/17,0.819,0.822,0.804,0.812,209759800,170288032.00
2023/01/18,0.807,0.811,0.802,0.805,126458135,101813496.00
2023/01/19,0.804,0.804,0.797,0.803,139947200,112003192.00
2023/01/20,0.805,0.811,0.803,0.806,137707500,110969336.00
2023/01/30,0.810,0.818,0.807,0.808,168154500,136357152.00
2023/01/31,0.809,0.825,0.809,0.816,251921000,205732832.00
2023/02/01,0.813,0.829,0.812,0.828,237413747,195199488.00
2023/02/02,0.827,0.833,0.822,0.832,175919810,145820592.00
2023/02/03,0.830,0.838,0.822,0.825,211842000,175331136.00
2023/02/06,0.821,0.832,0.816,0.831,204491903,168790368.00
2023/02/07,0.832,0.834,0.819,0.825,142694904,117505320.00
2023/02/08,0.823,0.824,0.813,0.814,96736500,79106880.00
2023/02/09,0.815,0.819,0.813,0.819,130269809,106417016.00
2023/02/10,0.821,0.826,0.816,0.820,106162100,87193584.00
2023/02/13,0.822,0.828,0.811,0.818,182568300,149230912.00
2023/02/14,0.820,0.822,0.809,0.813,181022000,147089568.00
2023/02/15,0.813,0.813,0.802,0.804,117592328,94691184.00
2023/02/16,0.806,0.814,0.792,0.798,157481700,126899664.00
2023/02/17,0.800,0.805,0.796,0.797,180324700,144331888.00
2023/02/20,0.802,0.808,0.794,0.808,138490201,111007800.00
2023/02/21,0.806,0.821,0.805,0.816,440654900,358280832.00
2023/02/22,0.816,0.823,0.814,0.819,139720402,114429216.00
2023/02/23,0.818,0.826,0.815,0.817,116887801,95874536.00
2023/02/24,0.818,0.829,0.816,0.821,124020600,101932264.00
2023/02/27,0.822,0.827,0.813,0.816,85055000,69516384.00
2023/02/28,0.817,0.823,0.814,0.823,132710800,108796976.00
2023/03/01,0.822,0.823,0.816,0.822,110058700,90175784.00
2023/03/02,0.821,0.821,0.813,0.814,147651600,120435200.00
2023/03/03,0.813,0.816,0.807,0.812,94990100,77085088.00
2023/03/06,0.814,0.824,0.808,0.820,128641173,105366576.00
2023/03/07,0.818,0.820,0.801,0.802,103692401,83885824.00
2023/03/08,0.798,0.800,0.793,0.798,103940501,82731560.00
2023/03/09,0.797,0.803,0.790,0.792,75474301,59954556.00
2023/03/10,0.792,0.792,0.780,0.785,103108461,80766864.00
2023/03/13,0.782,0.792,0.779,0.792,139107100,109339448.00
2023/03/14,0.793,0.812,0.791,0.804,150230300,120895600.00
2023/03/15,0.804,0.817,0.804,0.806,108414403,87764968.00
2023/03/16,0.806,0.806,0.786,0.786,140089500,111090256.00
2023/03/17,0.792,0.792,0.782,0.784,98583100,77456328.00
2023/03/20,0.785,0.785,0.771,0.772,180395601,139642976.00
2023/03/21,0.775,0.777,0.772,0.776,71477800,55341776.00
2023/03/22,0.777,0.782,0.773,0.776,129074602,100406560.00
2023/03/23,0.777,0.779,0.772,0.776,96222502,74543896.00
2023/03/24,0.776,0.780,0.773,0.777,93588700,72726912.00
2023/03/27,0.777,0.785,0.772,0.785,201516300,157161072.00
2023/03/28,0.783,0.797,0.782,0.790,209023901,165176528.00
2023/03/29,0.789,0.790,0.777,0.779,133010900,103778656.00
2023/03/30,0.779,0.789,0.779,0.788,207302500,162681280.00
2023/03/31,0.796,0.815,0.796,0.803,282633900,228066480.00
2023/04/03,0.801,0.824,0.800,0.815,206395800,168274416.00
2023/04/04,0.816,0.840,0.815,0.829,336613000,279169760.00
2023/04/06,0.830,0.838,0.819,0.826,234737891,193615152.00
2023/04/07,0.825,0.825,0.815,0.816,201354500,164626944.00
2023/04/10,0.816,0.823,0.807,0.813,165459900,134697744.00
2023/04/11,0.813,0.814,0.803,0.807,163844800,132172968.00
2023/04/12,0.806,0.807,0.793,0.796,232290308,185306464.00
2023/04/13,0.796,0.797,0.788,0.795,162253309,128705408.00
2023/04/14,0.795,0.796,0.786,0.787,242788000,191638032.00
2023/04/17,0.789,0.791,0.784,0.791,327258500,257740464.00
2023/04/18,0.791,0.793,0.784,0.789,271502300,214082000.00
2023/04/19,0.788,0.795,0.783,0.786,351029800,277027008.00
2023/04/20,0.786,0.786,0.776,0.779,286301800,223278464.00
2023/04/21,0.779,0.784,0.769,0.771,296171309,229407456.00
2023/04/24,0.770,0.771,0.753,0.758,333381304,253247456.00
2023/04/25,0.759,0.761,0.745,0.756,244384403,183816704.00
2023/04/26,0.752,0.763,0.750,0.761,189260100,143641296.00
2023/04/27,0.760,0.760,0.753,0.755,161783400,122341008.00
2023/04/28,0.755,0.758,0.750,0.756,200977000,151351184.00
2023/05/04,0.754,0.754,0.746,0.747,255881600,191786240.00
2023/05/05,0.748,0.748,0.731,0.737,340848879,250927152.00
2023/05/08,0.736,0.738,0.730,0.732,180366301,132103280.00
2023/05/09,0.732,0.741,0.726,0.734,313868700,230332160.00
2023/05/10,0.731,0.733,0.726,0.729,190770700,138980560.00
2023/05/11,0.729,0.740,0.728,0.731,163780300,120143760.00
2023/05/12,0.731,0.740,0.730,0.731,204385500,149977920.00
2023/05/15,0.732,0.732,0.718,0.727,286565910,207320304.00
2023/05/16,0.727,0.730,0.723,0.724,200643400,145654944.00
2023/05/17,0.725,0.727,0.720,0.724,154923200,112004768.00
2023/05/18,0.725,0.727,0.711,0.712,335547271,240629136.00
2023/05/19,0.710,0.715,0.703,0.714,227049800,160941008.00
2023/05/22,0.712,0.717,0.709,0.716,245725400,175418896.00
2023/05/23,0.717,0.719,0.712,0.712,166510402,119160760.00
2023/05/24,0.711,0.711,0.706,0.707,151930200,107635176.00
2023/05/25,0.707,0.708,0.693,0.697,287711100,201162576.00
2023/05/26,0.697,0.698,0.689,0.695,217915900,151073504.00
2023/05/29,0.694,0.699,0.685,0.689,202660856,139912336.00
2023/05/30,0.689,0.690,0.675,0.684,383182753,260948432.00
2023/05/31,0.683,0.683,0.671,0.674,233339101,157702640.00
2023/06/01,0.673,0.681,0.669,0.677,188011900,127319984.00
2023/06/02,0.678,0.686,0.677,0.684,188439800,128593544.00
2023/06/05,0.686,0.686,0.672,0.678,557512802,377682784.00
2023/06/06,0.677,0.679,0.669,0.671,191085564,128888632.00
2023/06/07,0.671,0.672,0.666,0.670,164363900,109974424.00
2023/06/08,0.669,0.690,0.668,0.689,730481002,500028672.00
2023/06/09,0.688,0.688,0.677,0.686,310822032,211936288.00
2023/06/12,0.683,0.690,0.680,0.689,268227182,183717280.00
2023/06/13,0.686,0.693,0.683,0.684,274534400,188363936.00
2023/06/14,0.684,0.686,0.679,0.680,175739493,119809128.00
2023/06/15,0.681,0.685,0.677,0.685,210620100,143305792.00
2023/06/16,0.685,0.695,0.683,0.693,335933159,232242624.00
2023/06/19,0.692,0.701,0.689,0.691,262014096,182080000.00
2023/06/20,0.691,0.692,0.686,0.689,152932900,105369776.00
2023/06/21,0.686,0.690,0.678,0.679,205287891,140244096.00
2023/06/26,0.676,0.683,0.670,0.676,259427090,175138144.00
2023/06/27,0.676,0.684,0.674,0.681,165255510,112252952.00
2023/06/28,0.681,0.682,0.674,0.681,168778100,114562304.00
2023/06/29,0.679,0.694,0.677,0.684,338507800,232538064.00
2023/06/30,0.686,0.694,0.681,0.690,329135866,227143696.00
2023/07/03,0.690,0.695,0.688,0.692,238922801,165193664.00
2023/07/04,0.695,0.697,0.688,0.694,231438700,159998912.00
2023/07/05,0.692,0.692,0.681,0.683,206826134,141596592.00
2023/07/06,0.683,0.694,0.679,0.687,267438300,183509456.00
2023/07/07,0.684,0.699,0.682,0.695,403139900,279487552.00
2023/07/10,0.695,0.706,0.695,0.696,239758700,167607920.00
2023/07/11,0.697,0.700,0.692,0.697,232478900,161885904.00
2023/07/12,0.696,0.704,0.694,0.698,244948900,171390848.00
2023/07/13,0.700,0.704,0.697,0.703,196937903,138116352.00
2023/07/14,0.704,0.704,0.699,0.699,142098700,99585048.00
2023/07/17,0.698,0.709,0.694,0.704,256504200,180270416.00
2023/07/18,0.704,0.712,0.702,0.708,254627570,180404576.00
2023/07/19,0.709,0.716,0.707,0.713,303855900,216419952.00
2023/07/20,0.714,0.717,0.707,0.709,175205100,124657760.00
2023/07/21,0.709,0.719,0.709,0.716,289792804,207306160.00
2023/07/24,0.717,0.721,0.702,0.705,277232901,196568416.00
2023/07/25,0.706,0.708,0.701,0.705,294118043,206772800.00
2023/07/26,0.704,0.710,0.702,0.709,223551924,158069984.00
2023/07/27,0.710,0.717,0.707,0.713,238956024,170395952.00
2023/07/28,0.713,0.718,0.709,0.716,251820724,179974000.00
2023/07/31,0.720,0.734,0.719,0.733,382778804,277975552.00
2023/08/01,0.734,0.735,0.723,0.725,201453100,146525552.00
2023/08/02,0.725,0.726,0.713,0.715,224386307,161008368.00
2023/08/03,0.715,0.721,0.713,0.720,155654601,111757144.00
2023/08/04,0.721,0.724,0.715,0.716,186974100,134244384.00
2023/08/07,0.718,0.721,0.714,0.716,200710904,143832352.00
2023/08/08,0.716,0.717,0.706,0.712,382045700,271186400.00
2023/08/09,0.709,0.710,0.702,0.703,322706700,227411216.00
2023/08/10,0.702,0.708,0.701,0.707,132081100,93171304.00
2023/08/11,0.707,0.707,0.690,0.691,268027200,186828048.00
2023/08/14,0.689,0.689,0.680,0.687,204583155,139907488.00
2023/08/15,0.686,0.690,0.681,0.686,171025600,117259352.00
2023/08/16,0.685,0.689,0.681,0.684,154145505,105631280.00
2023/08/17,0.683,0.687,0.677,0.687,168567500,114980736.00
2023/08/18,0.685,0.687,0.673,0.674,185437600,125997144.00
2023/08/21,0.674,0.674,0.665,0.665,215402600,144177104.00
2023/08/22,0.666,0.669,0.653,0.662,368716991,243398480.00
2023/08/23,0.661,0.666,0.657,0.658,182370158,120560800.00
2023/08/24,0.658,0.670,0.652,0.668,271651600,179399136.00
2023/08/25,0.667,0.683,0.665,0.670,310034800,209000864.00
2023/08/28,0.695,0.695,0.664,0.670,334483207,226889584.00
2023/08/29,0.667,0.678,0.664,0.677,220642941,148276528.00
2023/08/30,0.676,0.678,0.670,0.673,217460200,146613600.00
2023/08/31,0.671,0.673,0.666,0.669,131348011,87838792.00
2023/09/01,0.669,0.675,0.669,0.674,269344285,181343168.00
2023/09/04,0.675,0.679,0.673,0.679,332894000,225052912.00
2023/09/05,0.678,0.678,0.673,0.675,119381811,80500968.00
2023/09/06,0.674,0.674,0.670,0.672,103318600,69388920.00
2023/09/07,0.671,0.675,0.664,0.665,135756600,90870600.00
2023/09/08,0.665,0.665,0.660,0.662,105397904,69802560.00
2023/09/11,0.664,0.670,0.662,0.669,129870420,86669968.00
2023/09/12,0.670,0.681,0.669,0.679,251682700,170519584.00
2023/09/13,0.679,0.680,0.671,0.673,118753400,80054600.00
2023/09/14,0.674,0.675,0.665,0.667,126384600,84486400.00
2023/09/15,0.668,0.672,0.665,0.668,128453900,85825496.00
2023/09/18,0.667,0.671,0.661,0.670,115821908,77254848.00
2023/09/19,0.670,0.676,0.669,0.673,113806497,76451504.00
2023/09/20,0.672,0.680,0.670,0.676,184667718,124956032.00
2023/09/21,0.676,0.676,0.664,0.664,140029576,93632744.00
2023/09/22,0.664,0.671,0.660,0.671,130447522,86881584.00
2023/09/25,0.671,0.676,0.668,0.672,175533600,117979848.00
2023/09/26,0.672,0.672,0.666,0.667,70017000,46782644.00
2023/09/27,0.667,0.671,0.666,0.667,108554815,72553616.00
2023/09/28,0.668,0.669,0.659,0.660,193493400,127963208.00
2023/10/09,0.658,0.658,0.643,0.648,208249065,134996320.00
2023/10/10,0.651,0.658,0.650,0.651,204475800,133504256.00
2023/10/11,0.651,0.654,0.647,0.648,91834000,59725952.00
2023/10/12,0.652,0.655,0.648,0.654,105110400,68519792.00
2023/10/13,0.651,0.652,0.645,0.647,117487000,76104128.00
2023/10/16,0.648,0.650,0.643,0.643,104538002,67574136.00
2023/10/17,0.645,0.646,0.640,0.643,104688095,67214032.00
2023/10/18,0.644,0.650,0.640,0.640,138233600,89195592.00
2023/10/19,0.639,0.640,0.622,0.622,232087050,146156912.00
2023/10/20,0.622,0.625,0.616,0.617,178775000,110869312.00
2023/10/23,0.617,0.626,0.610,0.613,316630500,195224576.00
2023/10/24,0.613,0.621,0.610,0.619,200639006,123844816.00
2023/10/25,0.622,0.633,0.622,0.629,155624500,97779832.00
2023/10/26,0.627,0.635,0.623,0.630,145528300,91455552.00
2023/10/27,0.629,0.648,0.628,0.646,186015002,119074504.00
2023/10/30,0.645,0.661,0.642,0.658,184020545,120705808.00
2023/10/31,0.657,0.661,0.654,0.658,208682015,137139168.00
2023/11/01,0.658,0.662,0.655,0.660,106853800,70372144.00
2023/11/02,0.660,0.666,0.653,0.653,119194200,78438256.00
2023/11/03,0.655,0.658,0.653,0.655,105799801,69368464.00
2023/11/06,0.656,0.657,0.647,0.653,205986900,134277184.00
2023/11/07,0.652,0.658,0.648,0.654,121731300,79607032.00
2023/11/08,0.651,0.656,0.648,0.653,166433600,108464792.00
2023/11/09,0.652,0.659,0.652,0.653,181845600,119113488.00
2023/11/10,0.652,0.656,0.649,0.654,138476700,90447312.00
2023/11/13,0.656,0.656,0.646,0.655,111509993,72553072.00
2023/11/14,0.655,0.661,0.653,0.659,124995843,82226816.00
2023/11/15,0.662,0.662,0.656,0.657,101809800,66984076.00
2023/11/16,0.658,0.661,0.652,0.652,81724655,53643196.00
2023/11/17,0.653,0.656,0.650,0.655,84075100,54876020.00
2023/11/20,0.654,0.670,0.654,0.670,365095907,243324848.00
2023/11/21,0.671,0.672,0.664,0.666,160032000,106980904.00
2023/11/22,0.665,0.674,0.664,0.668,213401688,143177120.00
2023/11/23,0.669,0.672,0.666,0.671,96911478,64911476.00
2023/11/24,0.671,0.682,0.670,0.677,248380386,167950608.00
2023/11/27,0.677,0.682,0.672,0.677,138320065,93642256.00
2023/11/28,0.676,0.676,0.668,0.672,251062900,168718656.00
2023/11/29,0.674,0.675,0.668,0.670,97049200,65057240.00
2023/11/30,0.670,0.675,0.668,0.671,125079205,83988504.00
2023/12/01,0.671,0.672,0.660,0.662,156861307,104214856.00
2023/12/04,0.661,0.678,0.656,0.671,385221529,258168528.00
2023/12/05,0.670,0.676,0.662,0.662,390226793,261476704.00
2023/12/06,0.664,0.687,0.659,0.683,323335835,218550384.00
2023/12/07,0.681,0.688,0.674,0.684,216313343,147817456.00
2023/12/08,0.684,0.687,0.672,0.672,138225700,93639040.00
2023/12/11,0.671,0.681,0.660,0.680,164945399,110924920.00
2023/12/12,0.678,0.679,0.671,0.677,113361100,76492696.00
2023/12/13,0.677,0.678,0.662,0.664,104881203,70062200.00
2023/12/14,0.664,0.666,0.655,0.658,296646106,196070144.00
2023/12/15,0.660,0.664,0.656,0.660,100233200,66105844.00
2023/12/18,0.660,0.669,0.656,0.657,118064492,78077752.00
2023/12/19,0.658,0.658,0.650,0.654,110519400,72267248.00
2023/12/20,0.654,0.656,0.646,0.646,76132500,49449728.00
2023/12/21,0.646,0.647,0.634,0.645,131785600,84611616.00
2023/12/22,0.647,0.652,0.641,0.647,130006400,84249640.00
2023/12/25,0.648,0.652,0.640,0.651,98236400,63364736.00
2023/12/26,0.650,0.652,0.645,0.646,60214337,39053164.00
2023/12/27,0.649,0.664,0.647,0.663,162625222,106785208.00
2023/12/28,0.661,0.666,0.657,0.664,167767800,111113888.00
2023/12/29,0.664,0.670,0.660,0.667,179572638,119288264.00
2024/01/02,0.668,0.673,0.662,0.670,131953118,88222672.00
2024/01/03,0.667,0.675,0.660,0.662,112649000,75092672.00
2024/01/04,0.664,0.664,0.655,0.656,98796000,64974804.00
2024/01/05,0.655,0.657,0.645,0.648,115614736,75402408.00
2024/01/08,0.649,0.649,0.630,0.631,158899500,101051912.00
2024/01/09,0.632,0.636,0.627,0.631,80288272,50699332.00
2024/01/10,0.631,0.633,0.619,0.627,210807555,132150200.00
2024/01/11,0.625,0.642,0.623,0.639,147937130,94292832.00
2024/01/12,0.640,0.652,0.635,0.645,101584619,65614648.00
2024/01/15,0.645,0.645,0.632,0.634,87665400,55822364.00
2024/01/16,0.634,0.640,0.631,0.637,86522843,55000400.00
2024/01/17,0.639,0.640,0.621,0.622,88018900,55634720.00
2024/01/18,0.622,0.623,0.602,0.620,177535303,108213776.00
2024/01/19,0.618,0.630,0.613,0.615,176190200,108867528.00
2024/01/22,0.616,0.616,0.584,0.588,161299691,96767952.00
2024/01/23,0.585,0.592,0.580,0.589,140510600,82497312.00
2024/01/24,0.591,0.594,0.574,0.592,128503215,75169384.00
2024/01/25,0.592,0.602,0.589,0.602,112116305,66964244.00
2024/01/26,0.601,0.607,0.592,0.602,166548900,100157032.00
2024/01/29,0.602,0.612,0.596,0.596,131112071,79082104.00
2024/01/30,0.596,0.602,0.583,0.585,133136693,79064696.00
2024/01/31,0.580,0.582,0.569,0.569,159461668,91697552.00
2024/02/01,0.569,0.574,0.559,0.571,124474400,70702664.00
2024/02/02,0.570,0.581,0.548,0.561,186227813,105526040.00
2024/02/05,0.559,0.560,0.533,0.544,164730813,90137904.00
2024/02/06,0.540,0.568,0.536,0.565,167006800,92338016.00
2024/02/07,0.564,0.581,0.560,0.580,140146213,80555928.00
2024/02/08,0.581,0.594,0.579,0.593,125110705,73704144.00
2024/02/19,0.594,0.596,0.583,0.587,138499631,81287024.00
2024/02/20,0.587,0.596,0.581,0.595,86315904,50959036.00
2024/02/21,0.594,0.608,0.589,0.597,169974473,102073016.00
2024/02/22,0.598,0.601,0.594,0.599,108418140,64796328.00
2024/02/23,0.600,0.603,0.595,0.601,61171600,36620524.00
2024/02/26,0.600,0.611,0.597,0.606,99207000,60004400.00
2024/02/27,0.605,0.619,0.603,0.615,167778200,102944728.00
2024/02/28,0.616,0.621,0.600,0.600,125919801,76947608.00
2024/02/29,0.600,0.607,0.596,0.607,163007900,98235352.00
2024/03/01,0.606,0.606,0.597,0.602,151262700,90810456.00
2024/03/04,0.603,0.603,0.594,0.598,120966904,72214160.00
2024/03/05,0.596,0.605,0.594,0.603,155848650,93657888.00
2024/03/06,0.601,0.602,0.594,0.600,92473100,55342304.00
2024/03/07,0.600,0.614,0.598,0.602,251178708,152103040.00
2024/03/08,0.603,0.603,0.594,0.599,175977200,105305080.00
2024/03/11,0.601,0.608,0.599,0.607,109840743,66357988.00
2024/03/12,0.608,0.614,0.604,0.613,169215900,103245648.00
2024/03/13,0.614,0.614,0.601,0.604,192209000,116401960.00
2024/03/14,0.602,0.604,0.595,0.599,209647601,125649648.00
2024/03/15,0.595,0.602,0.595,0.600,100884145,60329452.00
2024/03/18,0.600,0.603,0.595,0.603,249100908,148925024.00
2024/03/19,0.603,0.622,0.603,0.620,367460601,226487408.00
2024/03/20,0.618,0.627,0.612,0.621,343899900,213589968.00
2024/03/21,0.622,0.644,0.622,0.642,399884900,254289408.00
2024/03/22,0.642,0.643,0.625,0.629,255186500,160907120.00
2024/03/25,0.625,0.627,0.616,0.617,294049361,183076336.00
2024/03/26,0.619,0.629,0.616,0.620,249196603,155224640.00
2024/03/27,0.620,0.622,0.612,0.612,179330250,110785752.00
2024/03/28,0.610,0.616,0.605,0.610,282424100,172215184.00
2024/03/29,0.611,0.625,0.607,0.625,243692400,150603232.00
2024/04/01,0.623,0.638,0.622,0.636,363446700,230388048.00
2024/04/02,0.635,0.635,0.628,0.631,120803300,76160008.00
2024/04/03,0.628,0.642,0.627,0.642,263343232,168404688.00
2024/04/08,0.643,0.643,0.630,0.633,267069371,169565632.00
2024/04/09,0.630,0.632,0.620,0.632,221189620,138760272.00
2024/04/10,0.629,0.633,0.615,0.618,223341300,138885312.00
2024/04/11,0.615,0.617,0.608,0.610,199926800,122377504.00
2024/04/12,0.610,0.613,0.596,0.598,218004700,131234040.00
2024/04/15,0.597,0.602,0.588,0.596,219926900,130940040.00
2024/04/16,0.595,0.598,0.581,0.584,231428800,136423936.00
2024/04/17,0.584,0.594,0.584,0.594,164147300,96995600.00
2024/04/18,0.592,0.603,0.587,0.598,274368700,164327488.00
2024/04/19,0.597,0.601,0.592,0.598,136537900,81504744.00
2024/04/22,0.598,0.620,0.598,0.616,301929050,185141568.00
2024/04/23,0.616,0.620,0.613,0.614,171656900,105804912.00
2024/04/24,0.614,0.616,0.605,0.612,154372300,94135408.00
2024/04/25,0.610,0.615,0.609,0.612,128679300,78764048.00
2024/04/26,0.610,0.615,0.609,0.614,331884102,203258528.00
2024/04/29,0.613,0.623,0.611,0.622,362899763,224376368.00
2024/04/30,0.618,0.631,0.618,0.622,359468954,224573584.00
2024/05/06,0.626,0.634,0.624,0.632,259527000,163444848.00
2024/05/07,0.631,0.636,0.626,0.633,190386250,120274888.00
2024/05/08,0.631,0.652,0.630,0.646,293574352,188534832.00
2024/05/09,0.645,0.657,0.642,0.653,292332001,190699600.00
2024/05/10,0.653,0.664,0.651,0.655,276378501,181352000.00
2024/05/13,0.651,0.668,0.650,0.665,212711042,140721328.00
2024/05/14,0.663,0.674,0.660,0.665,201334173,134361072.00
2024/05/15,0.664,0.668,0.652,0.652,247907802,162888960.00
2024/05/16,0.655,0.663,0.652,0.656,165008363,108725432.00
2024/05/17,0.656,0.669,0.655,0.667,208269000,138421072.00
2024/05/20,0.667,0.688,0.665,0.686,306256705,208954992.00
2024/05/21,0.685,0.697,0.682,0.687,308024405,211788544.00
2024/05/22,0.688,0.691,0.678,0.685,191454406,130800880.00
2024/05/23,0.685,0.688,0.669,0.674,193373664,130710384.00
2024/05/24,0.674,0.687,0.672,0.677,260200601,176888208.00
2024/05/27,0.677,0.678,0.667,0.676,237989201,160353952.00
2024/05/28,0.676,0.678,0.661,0.662,219484400,146056336.00
2024/05/29,0.662,0.670,0.658,0.664,167875400,111566272.00
2024/05/30,0.664,0.665,0.654,0.656,380576700,250053168.00
2024/05/31,0.657,0.657,0.647,0.648,242528407,157739072.00
2024/06/03,0.650,0.657,0.645,0.651,264809307,172204864.00
2024/06/04,0.649,0.654,0.643,0.653,238660620,155142000.00
2024/06/05,0.652,0.652,0.640,0.641,208450153,134326752.00
2024/06/06,0.641,0.642,0.626,0.631,365233045,230887344.00
2024/06/07,0.634,0.639,0.627,0.634,192160911,121450480.00
2024/06/11,0.633,0.635,0.626,0.634,173342942,109354080.00
2024/06/12,0.636,0.640,0.629,0.630,221514221,140197472.00
2024/06/13,0.630,0.630,0.609,0.613,295915550,182398864.00
2024/06/14,0.613,0.618,0.604,0.618,474748222,290418656.00
2024/06/17,0.613,0.614,0.605,0.609,230917400,140587168.00
2024/06/18,0.614,0.617,0.604,0.606,234596700,142827616.00
2024/06/19,0.606,0.606,0.597,0.597,156511200,93790000.00
2024/06/20,0.598,0.600,0.592,0.592,207430400,123427576.00
2024/06/21,0.592,0.602,0.591,0.599,209469200,125084864.00
2024/06/24,0.597,0.597,0.582,0.583,200734600,117733144.00
2024/06/25,0.583,0.587,0.576,0.580,314694378,182800176.00
2024/06/26,0.580,0.582,0.571,0.581,247451600,142490160.00
2024/06/27,0.579,0.585,0.575,0.576,263202900,152086736.00
2024/06/28,0.574,0.582,0.571,0.574,195213800,112557768.00
2024/07/01,0.575,0.591,0.574,0.589,311463400,182337840.00
2024/07/02,0.588,0.592,0.581,0.584,182054400,106557712.00
2024/07/03,0.583,0.584,0.578,0.580,169600116,98437928.00
2024/07/04,0.580,0.581,0.563,0.566,226393000,128843960.00
2024/07/05,0.567,0.572,0.561,0.570,163026387,92174256.00
2024/07/08,0.571,0.575,0.566,0.568,134130700,76502328.00
2024/07/09,0.568,0.569,0.551,0.558,260930746,145303872.00
2024/07/10,0.554,0.564,0.548,0.560,172145700,96005480.00
2024/07/11,0.566,0.570,0.562,0.567,189938100,107589168.00
2024/07/12,0.567,0.570,0.559,0.561,188228900,106016144.00
2024/07/15,0.563,0.576,0.563,0.574,258179000,147336464.00
2024/07/16,0.572,0.583,0.568,0.578,244334100,140989664.00
2024/07/17,0.575,0.582,0.571,0.581,243945400,140948816.00
2024/07/18,0.580,0.582,0.574,0.581,190177300,109952968.00
2024/07/19,0.578,0.585,0.576,0.584,160718700,93248824.00
2024/07/22,0.583,0.584,0.574,0.578,188390800,108652872.00
2024/07/23,0.577,0.580,0.558,0.559,198217000,112571896.00
2024/07/24,0.560,0.561,0.547,0.549,199310232,110189568.00
2024/07/25,0.548,0.559,0.546,0.554,173238300,95743512.00
2024/07/26,0.554,0.559,0.552,0.556,132338232,73391400.00
2024/07/29,0.558,0.558,0.546,0.550,201041132,110255792.00
2024/07/30,0.550,0.556,0.546,0.554,114276731,62981260.00
2024/07/31,0.551,0.571,0.549,0.571,282817400,159610384.00
2024/08/01,0.571,0.577,0.564,0.565,157000700,89403336.00
2024/08/02,0.563,0.578,0.562,0.571,213504900,122275912.00
2024/08/05,0.572,0.580,0.566,0.568,271505000,155323488.00
2024/08/06,0.570,0.574,0.564,0.572,237774400,135328000.00
2024/08/07,0.571,0.572,0.559,0.561,230002300,129406944.00
2024/08/08,0.560,0.569,0.557,0.568,188582500,106500376.00
2024/08/09,0.567,0.569,0.559,0.560,172673600,97257456.00
数据来源:通达信
