159996 家电ETF 日线 不复权
      日期	    开盘	    最高	    最低	    收盘	    成交量	    成交额
2020/03/16,0.969,0.969,0.906,0.910,46766575,43789312.00
2020/03/17,0.909,0.921,0.882,0.899,37577780,33875212.00
2020/03/18,0.902,0.927,0.896,0.897,30856123,28269686.00
2020/03/19,0.891,0.912,0.862,0.883,26209648,23053228.00
2020/03/20,0.895,0.896,0.882,0.895,16942987,15080294.00
2020/03/23,0.865,0.890,0.851,0.851,25195590,21661708.00
2020/03/24,0.868,0.879,0.851,0.872,23787221,20617156.00
2020/03/25,0.890,0.901,0.885,0.900,26475357,23613278.00
2020/03/26,0.898,0.904,0.888,0.892,14760704,13225492.00
2020/03/27,0.900,0.911,0.897,0.899,21419469,19383352.00
2020/03/30,0.886,0.888,0.872,0.881,19338773,17008110.00
2020/03/31,0.885,0.894,0.884,0.886,17101385,15203220.00
2020/04/01,0.886,0.895,0.880,0.883,14878749,13199992.00
2020/04/02,0.879,0.890,0.872,0.890,16613352,14669740.00
2020/04/03,0.891,0.897,0.887,0.890,14376520,12823052.00
2020/04/07,0.907,0.908,0.900,0.905,23323777,21093346.00
2020/04/08,0.900,0.900,0.892,0.897,12921128,11586021.00
2020/04/09,0.897,0.903,0.897,0.900,21140973,19034424.00
2020/04/10,0.898,0.924,0.894,0.905,27333441,24818314.00
2020/04/13,0.908,0.919,0.898,0.913,26065153,23753402.00
2020/04/14,0.912,0.930,0.908,0.919,15848668,14510623.00
2020/04/15,0.914,0.921,0.903,0.905,17635969,16097798.00
2020/04/16,0.896,0.909,0.896,0.908,11981175,10836721.00
2020/04/17,0.910,0.916,0.907,0.909,17273815,15747674.00
2020/04/20,0.915,0.925,0.910,0.924,21578574,19791352.00
2020/04/21,0.923,0.923,0.906,0.913,11787853,10739474.00
2020/04/22,0.905,0.924,0.904,0.921,18414054,16857364.00
2020/04/23,0.925,0.934,0.923,0.927,25341063,23565882.00
2020/04/24,0.929,0.932,0.911,0.916,20600457,18917718.00
2020/04/27,0.920,0.921,0.911,0.913,12643724,11573503.00
2020/04/28,0.913,0.920,0.890,0.913,16911621,15377243.00
2020/04/29,0.913,0.927,0.909,0.922,25037146,23061938.00
2020/04/30,0.926,0.930,0.920,0.928,23787038,22024174.00
2020/05/06,0.923,0.935,0.915,0.935,22250655,20564240.00
2020/05/07,0.935,0.935,0.927,0.928,22328185,20754064.00
2020/05/08,0.933,0.964,0.932,0.960,47135999,44958228.00
2020/05/11,0.969,0.982,0.959,0.967,43119791,42017680.00
2020/05/12,0.969,0.977,0.963,0.975,29642143,28762580.00
2020/05/13,0.964,0.974,0.962,0.971,20779275,20109460.00
2020/05/14,0.969,0.973,0.965,0.966,12749035,12347072.00
2020/05/15,0.967,0.970,0.958,0.962,25942735,25010750.00
2020/05/18,0.965,0.973,0.956,0.968,24052229,23241628.00
2020/05/19,0.972,0.979,0.972,0.975,21009469,20496244.00
2020/05/20,0.975,0.977,0.966,0.968,26389546,25616906.00
2020/05/21,0.966,0.977,0.963,0.967,25913685,25147984.00
2020/05/22,0.963,0.966,0.944,0.949,27562781,26237720.00
2020/05/25,0.950,0.954,0.941,0.947,21699651,20505560.00
2020/05/26,0.950,0.975,0.950,0.975,28084483,27091484.00
2020/05/27,0.979,0.988,0.972,0.985,44993480,44213532.00
2020/05/28,0.982,0.996,0.974,0.985,40903715,40410968.00
2020/05/29,0.982,0.997,0.980,0.997,42255999,41901280.00
2020/06/01,0.996,1.020,0.996,1.015,108533926,109925232.00
2020/06/02,1.014,1.028,1.009,1.016,80053763,81370168.00
2020/06/03,1.017,1.018,1.005,1.005,28072370,28373132.00
2020/06/04,1.008,1.016,1.007,1.014,38329786,38752348.00
2020/06/05,1.011,1.018,1.009,1.015,34795058,35263852.00
2020/06/08,1.018,1.039,1.018,1.023,64208463,66195424.00
2020/06/09,1.026,1.037,1.023,1.034,54765598,56552240.00
2020/06/10,1.035,1.037,1.027,1.032,52193868,53792236.00
2020/06/11,1.032,1.036,1.011,1.017,37121239,37941312.00
2020/06/12,0.992,1.019,0.992,1.015,33413411,33764656.00
2020/06/15,1.008,1.011,0.992,0.992,27718466,27738168.00
2020/06/16,0.999,1.014,0.999,1.013,28646050,28922296.00
2020/06/17,1.013,1.018,1.010,1.017,23324147,23642918.00
2020/06/18,1.016,1.021,1.010,1.019,26764181,27210840.00
2020/06/19,1.022,1.041,1.020,1.037,51468592,53272964.00
2020/06/22,1.036,1.040,1.028,1.034,33277568,34393736.00
2020/06/23,1.039,1.039,1.030,1.032,26128175,26993156.00
2020/06/24,1.035,1.047,1.035,1.045,42147031,43889864.00
2020/06/29,1.042,1.044,1.031,1.035,30770244,31900162.00
2020/06/30,1.038,1.051,1.038,1.044,38731050,40496636.00
2020/07/01,1.045,1.062,1.041,1.061,38580417,40656712.00
2020/07/02,1.060,1.073,1.058,1.071,38154770,40616812.00
2020/07/03,1.071,1.085,1.065,1.071,63129088,67821328.00
2020/07/06,1.071,1.120,1.071,1.111,88370140,97111280.00
2020/07/07,1.119,1.132,1.107,1.113,63575336,71142696.00
2020/07/08,1.102,1.117,1.095,1.113,45379385,50185232.00
2020/07/09,1.113,1.131,1.107,1.129,46011714,51441768.00
2020/07/10,1.127,1.128,1.106,1.110,39099318,43687012.00
2020/07/13,1.110,1.135,1.107,1.133,44671939,50253340.00
2020/07/14,1.134,1.141,1.116,1.134,43316154,48928776.00
2020/07/15,1.135,1.160,1.130,1.142,53163377,60984308.00
2020/07/16,1.145,1.200,1.089,1.092,84161378,94844200.00
2020/07/17,1.092,1.130,1.092,1.123,46913352,52410976.00
2020/07/20,1.128,1.156,1.110,1.156,66867931,75746168.00
2020/07/21,1.156,1.169,1.146,1.164,54914551,63583744.00
2020/07/22,1.155,1.200,1.145,1.167,44261596,51477328.00
2020/07/23,1.156,1.185,1.151,1.185,52236765,61234664.00
2020/07/24,1.185,1.185,1.118,1.126,56590735,64760352.00
2020/07/27,1.126,1.130,1.111,1.126,25764288,28850964.00
2020/07/28,1.125,1.143,1.123,1.138,29914337,33878240.00
2020/07/29,1.137,1.201,1.134,1.195,81661271,96510936.00
2020/07/30,1.195,1.196,1.180,1.191,44711636,53096336.00
2020/07/31,1.185,1.200,1.171,1.194,42267665,50231560.00
2020/08/03,1.201,1.236,1.200,1.230,73099459,89519256.00
2020/08/04,1.227,1.235,1.218,1.225,42031948,51556124.00
2020/08/05,1.220,1.249,1.211,1.245,38589635,47527668.00
2020/08/06,1.248,1.251,1.211,1.225,41710035,51121924.00
2020/08/07,1.222,1.244,1.207,1.236,91308697,112431736.00
2020/08/10,1.230,1.261,1.218,1.252,73160670,91149096.00
2020/08/11,1.253,1.264,1.227,1.232,51297461,63974248.00
2020/08/12,1.221,1.232,1.190,1.212,83838593,101061840.00
2020/08/13,1.212,1.225,1.211,1.217,30490622,37134148.00
2020/08/14,1.216,1.245,1.210,1.245,39888455,49166000.00
2020/08/17,1.260,1.277,1.236,1.269,64660307,81716656.00
2020/08/18,1.270,1.273,1.258,1.271,39941833,50586868.00
2020/08/19,1.271,1.275,1.250,1.255,44215570,55899704.00
2020/08/20,1.238,1.249,1.228,1.232,50224146,62083496.00
2020/08/21,1.237,1.253,1.233,1.247,41450250,51550516.00
2020/08/24,1.247,1.257,1.238,1.254,35587483,44458400.00
2020/08/25,1.257,1.270,1.252,1.258,33844617,42659216.00
2020/08/26,1.258,1.274,1.219,1.225,49926673,61676644.00
2020/08/27,1.225,1.240,1.218,1.236,30229977,37152868.00
2020/08/28,1.240,1.264,1.231,1.264,40709372,50979052.00
2020/08/31,1.264,1.281,1.245,1.246,45930136,57938068.00
2020/09/01,1.240,1.256,1.238,1.256,39411409,49135060.00
2020/09/02,1.260,1.264,1.241,1.258,30290931,38021564.00
2020/09/03,1.258,1.263,1.241,1.244,38588951,48287900.00
2020/09/04,1.235,1.242,1.223,1.240,29365320,36192648.00
2020/09/07,1.238,1.243,1.216,1.223,35861025,44153420.00
2020/09/08,1.218,1.226,1.207,1.223,21728333,26417820.00
2020/09/09,1.213,1.213,1.190,1.193,23488042,28274678.00
2020/09/10,1.195,1.205,1.172,1.177,26376568,31392426.00
2020/09/11,1.174,1.191,1.170,1.188,22743499,26865074.00
2020/09/14,1.193,1.214,1.193,1.211,25801015,31148214.00
2020/09/15,1.215,1.229,1.208,1.228,19689723,24093698.00
2020/09/16,1.222,1.227,1.208,1.212,24619621,29890736.00
2020/09/17,1.212,1.228,1.209,1.224,31537953,38406260.00
2020/09/18,1.224,1.244,1.223,1.242,33544066,41413412.00
2020/09/21,1.243,1.243,1.230,1.232,30263160,37384868.00
2020/09/22,1.225,1.234,1.219,1.223,33582125,41204988.00
2020/09/23,1.227,1.235,1.221,1.234,23920701,29404008.00
2020/09/24,1.227,1.229,1.205,1.207,39573714,48014784.00
2020/09/25,1.205,1.215,1.188,1.194,28613017,34218552.00
2020/09/28,1.193,1.200,1.182,1.182,26420204,31412440.00
2020/09/29,1.188,1.203,1.184,1.199,30121608,36031004.00
2020/09/30,1.198,1.205,1.186,1.192,26725208,32002798.00
2020/10/09,1.206,1.224,1.206,1.221,25787917,31444980.00
2020/10/12,1.218,1.243,1.218,1.243,35170549,43350188.00
2020/10/13,1.243,1.261,1.235,1.261,29350321,36669040.00
2020/10/14,1.261,1.269,1.255,1.260,30350370,38289356.00
2020/10/15,1.260,1.280,1.260,1.271,42171377,53728360.00
2020/10/16,1.268,1.275,1.254,1.258,29983933,37826784.00
2020/10/19,1.264,1.278,1.253,1.258,25472137,32146104.00
2020/10/20,1.256,1.270,1.250,1.270,37414101,47224436.00
2020/10/21,1.271,1.278,1.264,1.276,42316500,53832272.00
2020/10/22,1.274,1.274,1.251,1.270,39448402,49768256.00
2020/10/23,1.270,1.278,1.242,1.247,27076338,34155660.00
2020/10/26,1.231,1.261,1.225,1.259,31677606,39595904.00
2020/10/27,1.253,1.255,1.244,1.251,24907717,31102776.00
2020/10/28,1.252,1.274,1.250,1.272,33815571,42767348.00
2020/10/29,1.261,1.319,1.257,1.309,50331339,65244100.00
2020/10/30,1.319,1.330,1.280,1.282,46891228,61323048.00
2020/11/02,1.285,1.352,1.285,1.346,47922450,63816256.00
2020/11/03,1.345,1.352,1.330,1.352,43354151,58205768.00
2020/11/04,1.347,1.390,1.345,1.381,65084385,89503256.00
2020/11/05,1.387,1.407,1.380,1.400,75093754,104621720.00
2020/11/06,1.398,1.430,1.387,1.419,106215456,150272096.00
2020/11/09,1.431,1.457,1.415,1.421,80970994,115780664.00
2020/11/10,1.398,1.407,1.380,1.400,67168421,93535160.00
2020/11/11,1.384,1.401,1.379,1.388,61747002,85849504.00
2020/11/12,1.390,1.412,1.390,1.410,64593206,90651248.00
2020/11/13,1.392,1.410,1.389,1.402,44072445,61610076.00
2020/11/16,1.413,1.422,1.382,1.400,53909710,75435208.00
2020/11/17,1.399,1.428,1.394,1.413,66064471,93527464.00
2020/11/18,1.409,1.412,1.379,1.391,52171266,72804912.00
2020/11/19,1.393,1.436,1.390,1.431,91174850,129264592.00
2020/11/20,1.432,1.441,1.417,1.431,57653640,82488704.00
2020/11/23,1.425,1.447,1.412,1.440,44014040,63057360.00
2020/11/24,1.438,1.438,1.394,1.405,55398003,78071648.00
2020/11/25,1.406,1.409,1.380,1.383,42951767,59732372.00
2020/11/26,1.380,1.388,1.347,1.361,48879605,66582976.00
2020/11/27,1.361,1.375,1.354,1.369,39151203,53332136.00
2020/11/30,1.361,1.369,1.342,1.345,44597619,60526540.00
2020/12/01,1.344,1.364,1.339,1.364,41978060,56905144.00
2020/12/02,1.366,1.387,1.366,1.385,55629018,76759216.00
2020/12/03,1.380,1.383,1.362,1.372,39767900,54483964.00
2020/12/04,1.359,1.374,1.353,1.373,36480806,49719312.00
2020/12/07,1.371,1.375,1.357,1.363,33987305,46384204.00
2020/12/08,1.362,1.365,1.345,1.350,44793202,60500644.00
2020/12/09,1.354,1.356,1.323,1.324,56225627,75064808.00
2020/12/10,1.322,1.335,1.321,1.330,38307423,50924472.00
2020/12/11,1.330,1.341,1.310,1.325,58839000,78055080.00
2020/12/14,1.328,1.331,1.311,1.322,46438427,61121644.00
2020/12/15,1.321,1.333,1.309,1.327,74761232,99024872.00
2020/12/16,1.327,1.336,1.324,1.330,89026452,118543112.00
2020/12/17,1.327,1.365,1.326,1.362,114161889,154188944.00
2020/12/18,1.359,1.360,1.341,1.351,69510742,93850816.00
2020/12/21,1.346,1.357,1.329,1.357,62116115,83619504.00
2020/12/22,1.352,1.357,1.330,1.333,62351023,83735688.00
2020/12/23,1.332,1.362,1.332,1.356,93185506,126073280.00
2020/12/24,1.357,1.358,1.342,1.349,47034204,63432156.00
2020/12/25,1.350,1.362,1.339,1.356,68252312,92389080.00
2020/12/28,1.356,1.385,1.351,1.374,89628303,123028360.00
2020/12/29,1.374,1.377,1.351,1.361,79805102,108705744.00
2020/12/30,1.355,1.365,1.351,1.363,55954909,76070736.00
2020/12/31,1.367,1.395,1.360,1.390,73177017,100894784.00
2021/01/04,1.395,1.413,1.391,1.409,78171931,109747096.00
2021/01/05,1.402,1.440,1.394,1.439,77380804,109646144.00
2021/01/06,1.441,1.459,1.414,1.427,95336437,136698816.00
2021/01/07,1.420,1.454,1.420,1.449,103322414,148725920.00
2021/01/08,1.442,1.463,1.433,1.456,60372621,87548080.00
2021/01/11,1.462,1.464,1.415,1.429,81060704,116818816.00
2021/01/12,1.420,1.490,1.412,1.490,86831921,127079256.00
2021/01/13,1.488,1.508,1.475,1.497,60724426,90616496.00
2021/01/14,1.498,1.500,1.455,1.459,52517202,77531000.00
2021/01/15,1.456,1.473,1.437,1.469,115900363,168125584.00
2021/01/18,1.463,1.489,1.451,1.481,62386345,92229968.00
2021/01/19,1.478,1.492,1.451,1.457,40367949,59256148.00
2021/01/20,1.460,1.470,1.443,1.465,40131159,58688944.00
2021/01/21,1.466,1.494,1.460,1.489,44884410,66627956.00
2021/01/22,1.489,1.493,1.461,1.486,43175503,63798812.00
2021/01/25,1.489,1.497,1.464,1.494,47858503,71036304.00
2021/01/26,1.485,1.485,1.442,1.444,44221091,64303444.00
2021/01/27,1.439,1.460,1.428,1.449,37597900,54302988.00
2021/01/28,1.435,1.438,1.398,1.402,38685327,54589192.00
2021/01/29,1.408,1.415,1.375,1.394,41991611,58635484.00
2021/02/01,1.394,1.406,1.387,1.406,35350842,49447524.00
2021/02/02,1.410,1.443,1.403,1.442,50809200,72607384.00
2021/02/03,1.447,1.450,1.421,1.428,36810731,52679572.00
2021/02/04,1.419,1.430,1.408,1.422,33524601,47474672.00
2021/02/05,1.424,1.450,1.413,1.424,42156816,60283460.00
2021/02/08,1.426,1.432,1.402,1.428,31363901,44480124.00
2021/02/09,1.432,1.454,1.421,1.453,38974141,56127016.00
2021/02/10,1.455,1.475,1.447,1.469,36294341,53143212.00
2021/02/18,1.480,1.488,1.430,1.439,67108101,97153312.00
2021/02/19,1.430,1.438,1.407,1.433,46672878,66411160.00
2021/02/22,1.429,1.430,1.371,1.371,53492183,74452728.00
2021/02/23,1.360,1.388,1.356,1.373,30550429,42000580.00
2021/02/24,1.389,1.414,1.363,1.378,37916418,52654596.00
2021/02/25,1.378,1.400,1.372,1.381,49659958,68587808.00
2021/02/26,1.358,1.366,1.341,1.353,35859119,48482644.00
2021/03/01,1.360,1.376,1.358,1.376,29849500,40840884.00
2021/03/02,1.387,1.400,1.367,1.376,52128902,71931584.00
2021/03/03,1.373,1.384,1.364,1.378,30102202,41392256.00
2021/03/04,1.370,1.370,1.334,1.340,34031902,45830240.00
2021/03/05,1.315,1.350,1.313,1.344,26955401,36001188.00
2021/03/08,1.350,1.363,1.309,1.312,36918010,49165660.00
2021/03/09,1.303,1.322,1.271,1.298,37238524,48618320.00
2021/03/10,1.305,1.318,1.293,1.305,26773658,35010676.00
2021/03/11,1.300,1.324,1.298,1.324,25581600,33693108.00
2021/03/12,1.319,1.332,1.319,1.324,27561701,36503964.00
2021/03/15,1.317,1.321,1.287,1.299,31044900,40482644.00
2021/03/16,1.297,1.320,1.297,1.315,25982309,34101588.00
2021/03/17,1.313,1.343,1.303,1.340,154318823,206214304.00
2021/03/18,1.346,1.351,1.338,1.349,31412300,42267556.00
2021/03/19,1.337,1.342,1.320,1.327,30112301,40111584.00
2021/03/22,1.329,1.344,1.324,1.343,24127903,32223790.00
2021/03/23,1.343,1.348,1.323,1.330,25908402,34531580.00
2021/03/24,1.326,1.347,1.324,1.330,29801400,39733676.00
2021/03/25,1.313,1.326,1.307,1.320,29169000,38462132.00
2021/03/26,1.333,1.356,1.326,1.352,35007913,47007544.00
2021/03/29,1.366,1.372,1.351,1.367,32535705,44389376.00
2021/03/30,1.361,1.371,1.357,1.369,27261800,37238136.00
2021/03/31,1.370,1.386,1.370,1.382,29855900,41120676.00
2021/04/01,1.381,1.399,1.375,1.394,32080600,44641800.00
2021/04/02,1.394,1.416,1.390,1.405,47659516,67138576.00
2021/04/06,1.411,1.415,1.392,1.394,33645226,47052384.00
2021/04/07,1.400,1.400,1.378,1.391,39528600,54762652.00
2021/04/08,1.390,1.400,1.380,1.395,30848828,43037916.00
2021/04/09,1.391,1.399,1.381,1.387,32044200,44486008.00
2021/04/12,1.383,1.396,1.356,1.362,32866100,45063236.00
2021/04/13,1.350,1.368,1.345,1.353,33697100,45697248.00
2021/04/14,1.350,1.369,1.350,1.364,41823840,57038452.00
2021/04/15,1.360,1.371,1.345,1.358,28372409,38496900.00
2021/04/16,1.364,1.369,1.350,1.364,26779602,36444688.00
2021/04/19,1.364,1.386,1.358,1.385,32139845,44353892.00
2021/04/20,1.385,1.392,1.379,1.387,34319701,47590496.00
2021/04/21,1.383,1.390,1.373,1.389,32651500,45184420.00
2021/04/22,1.389,1.391,1.373,1.384,28212700,38933320.00
2021/04/23,1.381,1.398,1.380,1.396,32491700,45236664.00
2021/04/26,1.401,1.415,1.381,1.381,65028393,91122984.00
2021/04/27,1.382,1.398,1.375,1.396,40496910,56307212.00
2021/04/28,1.395,1.424,1.393,1.424,33070502,46797552.00
2021/04/29,1.425,1.453,1.423,1.446,33945802,48845684.00
2021/04/30,1.453,1.454,1.420,1.428,38450940,55149052.00
2021/05/06,1.427,1.445,1.411,1.423,92749720,131672136.00
2021/05/07,1.420,1.429,1.387,1.391,29297753,41108252.00
2021/05/10,1.391,1.394,1.378,1.388,29165226,40395452.00
2021/05/11,1.380,1.390,1.364,1.390,37538100,51738288.00
2021/05/12,1.388,1.396,1.376,1.390,31675729,43879952.00
2021/05/13,1.380,1.380,1.361,1.365,36734512,50194212.00
2021/05/14,1.363,1.380,1.352,1.379,33192229,45325580.00
2021/05/17,1.385,1.399,1.375,1.392,38665271,53783860.00
2021/05/18,1.392,1.399,1.385,1.394,28675007,39936568.00
2021/05/19,1.394,1.394,1.374,1.380,37615824,51882636.00
2021/05/20,1.380,1.414,1.380,1.409,46433209,65413120.00
2021/05/21,1.413,1.432,1.402,1.409,41384600,58652660.00
2021/05/24,1.407,1.412,1.393,1.409,31329311,44008236.00
2021/05/25,1.406,1.421,1.406,1.421,49881010,70399056.00
2021/05/26,1.420,1.436,1.409,1.433,55831174,79721024.00
2021/05/27,1.442,1.460,1.436,1.457,59251308,85948352.00
2021/05/28,1.452,1.454,1.432,1.440,46182700,66401068.00
2021/05/31,1.440,1.446,1.424,1.437,38571003,55118108.00
2021/06/01,1.432,1.437,1.419,1.434,27444107,39210120.00
2021/06/02,1.434,1.438,1.423,1.428,27898500,39848920.00
2021/06/03,1.428,1.444,1.421,1.432,32267611,46337180.00
2021/06/04,1.423,1.444,1.420,1.436,28680223,41090744.00
2021/06/07,1.437,1.442,1.427,1.432,25915704,37151680.00
2021/06/08,1.432,1.440,1.416,1.426,27010100,38514388.00
2021/06/09,1.426,1.429,1.418,1.422,24021002,34154744.00
2021/06/10,1.422,1.433,1.417,1.433,27799478,39669276.00
2021/06/11,1.435,1.439,1.413,1.416,29449903,41833956.00
2021/06/15,1.416,1.422,1.393,1.410,26437900,37251484.00
2021/06/16,1.407,1.413,1.398,1.405,31353902,44052192.00
2021/06/17,1.395,1.400,1.389,1.391,36945700,51461100.00
2021/06/18,1.392,1.399,1.382,1.395,36914264,51349164.00
2021/06/21,1.395,1.395,1.374,1.390,35535610,49287188.00
2021/06/22,1.395,1.415,1.395,1.410,76632132,108031336.00
2021/06/23,1.411,1.431,1.411,1.427,109379937,155998560.00
2021/06/24,1.427,1.427,1.403,1.407,36167406,50978476.00
2021/06/25,1.407,1.432,1.396,1.422,46821923,66268348.00
2021/06/28,1.430,1.443,1.413,1.418,44452000,63267828.00
2021/06/29,1.419,1.420,1.398,1.409,43551801,61134108.00
2021/06/30,1.409,1.427,1.405,1.425,27975800,39563968.00
2021/07/01,1.428,1.437,1.412,1.426,36136800,51431360.00
2021/07/02,1.423,1.423,1.399,1.400,31175094,43796392.00
2021/07/05,1.395,1.400,1.375,1.385,29801700,41333284.00
2021/07/06,1.386,1.397,1.377,1.391,31029705,43072904.00
2021/07/07,1.388,1.422,1.386,1.406,35582307,50311716.00
2021/07/08,1.406,1.412,1.393,1.395,35497700,49776412.00
2021/07/09,1.394,1.399,1.368,1.386,41850601,57665032.00
2021/07/12,1.386,1.397,1.374,1.388,21573707,29965230.00
2021/07/13,1.387,1.420,1.383,1.419,35964319,50445360.00
2021/07/14,1.411,1.421,1.403,1.407,33862001,47787876.00
2021/07/15,1.403,1.417,1.397,1.413,35942211,50633296.00
2021/07/16,1.414,1.418,1.384,1.384,44358600,61832992.00
2021/07/19,1.372,1.381,1.361,1.377,37177700,50975444.00
2021/07/20,1.367,1.377,1.360,1.374,29077602,39720288.00
2021/07/21,1.375,1.397,1.375,1.393,31329300,43523664.00
2021/07/22,1.393,1.404,1.373,1.376,38044301,52792144.00
2021/07/23,1.370,1.371,1.325,1.333,50854502,67989112.00
2021/07/26,1.322,1.322,1.284,1.295,33227474,43272464.00
2021/07/27,1.295,1.301,1.245,1.245,33817200,42926372.00
2021/07/28,1.241,1.247,1.223,1.247,113074915,140281440.00
2021/07/29,1.260,1.268,1.256,1.265,36362705,45945356.00
2021/07/30,1.260,1.276,1.253,1.267,39840805,50334600.00
2021/08/02,1.265,1.290,1.240,1.286,33795101,42742312.00
2021/08/03,1.288,1.335,1.275,1.331,51474264,67341624.00
2021/08/04,1.329,1.343,1.322,1.330,46611400,62084644.00
2021/08/05,1.322,1.349,1.321,1.334,30373409,40682580.00
2021/08/06,1.335,1.340,1.316,1.328,34296318,45344808.00
2021/08/09,1.318,1.369,1.313,1.365,43336223,58514112.00
2021/08/10,1.364,1.377,1.342,1.375,31773130,43157348.00
2021/08/11,1.372,1.391,1.364,1.377,32015029,44111484.00
2021/08/12,1.373,1.376,1.353,1.353,33280576,45334068.00
2021/08/13,1.353,1.356,1.336,1.351,26150601,35142372.00
2021/08/16,1.346,1.387,1.346,1.379,42712000,58636180.00
2021/08/17,1.384,1.385,1.350,1.354,39218502,53800072.00
2021/08/18,1.354,1.366,1.347,1.364,32232309,43722672.00
2021/08/19,1.365,1.375,1.344,1.346,24928700,33734548.00
2021/08/20,1.347,1.347,1.305,1.328,32973891,43620308.00
2021/08/23,1.332,1.349,1.328,1.347,33894800,45530428.00
2021/08/24,1.347,1.365,1.341,1.356,31323223,42364792.00
2021/08/25,1.354,1.354,1.335,1.340,37657902,50503980.00
2021/08/26,1.336,1.336,1.306,1.307,37433400,49339908.00
2021/08/27,1.306,1.325,1.306,1.308,32551999,42798184.00
2021/08/30,1.310,1.310,1.261,1.267,40929167,52140656.00
2021/08/31,1.258,1.276,1.230,1.238,45353900,56513728.00
2021/09/01,1.236,1.272,1.212,1.268,52234100,65122228.00
2021/09/02,1.268,1.268,1.238,1.247,38842510,48487224.00
2021/09/03,1.242,1.254,1.231,1.254,33277001,41390036.00
2021/09/06,1.255,1.279,1.249,1.277,37026867,47043676.00
2021/09/07,1.277,1.289,1.266,1.287,41888500,53609248.00
2021/09/08,1.288,1.288,1.264,1.267,43072200,54795176.00
2021/09/09,1.266,1.267,1.249,1.256,39126725,49164464.00
2021/09/10,1.257,1.263,1.246,1.260,43153311,54119100.00
2021/09/13,1.260,1.260,1.234,1.235,48551700,60359496.00
2021/09/14,1.236,1.244,1.219,1.221,40209600,49557732.00
2021/09/15,1.216,1.219,1.195,1.204,44033907,53008300.00
2021/09/16,1.204,1.214,1.192,1.195,39836707,47875848.00
2021/09/17,1.193,1.209,1.180,1.209,43490900,51862996.00
2021/09/22,1.189,1.189,1.169,1.174,65006500,76515344.00
2021/09/23,1.179,1.188,1.173,1.178,40315543,47510816.00
2021/09/24,1.178,1.189,1.169,1.184,45299104,53532728.00
2021/09/27,1.186,1.214,1.180,1.189,74296900,88762704.00
2021/09/28,1.186,1.199,1.175,1.191,70455300,84045592.00
2021/09/29,1.186,1.193,1.173,1.188,42579833,50361036.00
2021/09/30,1.187,1.195,1.182,1.189,39908100,47463336.00
2021/10/08,1.194,1.216,1.190,1.213,62354800,75254296.00
2021/10/11,1.213,1.221,1.201,1.201,77700400,93819352.00
2021/10/12,1.195,1.210,1.186,1.194,98183800,117690280.00
2021/10/13,1.191,1.203,1.183,1.200,81848500,97831184.00
2021/10/14,1.195,1.203,1.185,1.195,54445000,65006832.00
2021/10/15,1.194,1.207,1.193,1.201,43574700,52247072.00
2021/10/18,1.200,1.205,1.171,1.182,54100500,63857788.00
2021/10/19,1.178,1.207,1.176,1.207,52051412,62408768.00
2021/10/20,1.204,1.212,1.192,1.194,46030200,55110364.00
2021/10/21,1.193,1.215,1.191,1.215,63664302,76717744.00
2021/10/22,1.217,1.260,1.216,1.260,103106851,128080888.00
2021/10/25,1.243,1.250,1.223,1.239,98236400,121212400.00
2021/10/26,1.236,1.237,1.213,1.217,101299900,123657744.00
2021/10/27,1.214,1.214,1.177,1.181,134165500,158876864.00
2021/10/28,1.172,1.191,1.169,1.191,59863301,70835528.00
2021/10/29,1.191,1.204,1.183,1.201,60509500,72293704.00
2021/11/01,1.203,1.252,1.203,1.238,120175300,148692720.00
2021/11/02,1.235,1.253,1.218,1.226,67246900,83102176.00
2021/11/03,1.227,1.232,1.219,1.224,46519500,56890228.00
2021/11/04,1.224,1.240,1.217,1.239,82372600,100962120.00
2021/11/05,1.231,1.237,1.221,1.228,50089200,61597828.00
2021/11/08,1.230,1.231,1.213,1.217,45670800,55685628.00
2021/11/09,1.216,1.220,1.203,1.212,48751000,58958812.00
2021/11/10,1.209,1.209,1.185,1.202,58019800,69322952.00
2021/11/11,1.200,1.235,1.194,1.232,93438608,114612232.00
2021/11/12,1.231,1.239,1.225,1.228,53423800,65641600.00
2021/11/15,1.225,1.238,1.222,1.234,55783418,68590040.00
2021/11/16,1.238,1.276,1.236,1.251,113114378,142055056.00
2021/11/17,1.250,1.256,1.245,1.254,54665800,68337992.00
2021/11/18,1.252,1.252,1.230,1.231,57422000,71052056.00
2021/11/19,1.233,1.246,1.229,1.243,45208105,55936448.00
2021/11/22,1.243,1.249,1.235,1.241,62279900,77294264.00
2021/11/23,1.241,1.241,1.231,1.239,46918700,58032116.00
2021/11/24,1.240,1.248,1.229,1.243,65600900,81207680.00
2021/11/25,1.242,1.243,1.232,1.234,45371300,56084312.00
2021/11/26,1.232,1.236,1.225,1.228,44820102,55110500.00
2021/11/29,1.212,1.219,1.205,1.212,52878600,64067976.00
2021/11/30,1.212,1.227,1.205,1.213,41293600,50217308.00
2021/12/01,1.206,1.215,1.203,1.212,54593000,65988076.00
2021/12/02,1.208,1.220,1.208,1.213,46085507,55941312.00
2021/12/03,1.216,1.221,1.211,1.214,47844900,58128800.00
2021/12/06,1.210,1.234,1.210,1.225,70181400,86235344.00
2021/12/07,1.229,1.254,1.229,1.254,92228600,114870800.00
2021/12/08,1.253,1.267,1.237,1.266,70525502,88404576.00
2021/12/09,1.266,1.290,1.266,1.284,90362010,115940192.00
2021/12/10,1.280,1.285,1.273,1.277,52755040,67471960.00
2021/12/13,1.290,1.298,1.273,1.280,93512879,120143008.00
2021/12/14,1.277,1.277,1.250,1.252,71172503,89417560.00
2021/12/15,1.245,1.257,1.241,1.243,72710300,90599576.00
2021/12/16,1.247,1.250,1.233,1.245,71589100,88728496.00
2021/12/17,1.250,1.251,1.226,1.227,86219521,106340904.00
2021/12/20,1.225,1.239,1.217,1.219,84398400,103371968.00
2021/12/21,1.216,1.244,1.214,1.244,121928300,151040752.00
2021/12/22,1.248,1.249,1.230,1.242,70973300,87740056.00
2021/12/23,1.235,1.242,1.227,1.236,54126700,66719124.00
2021/12/24,1.236,1.236,1.216,1.222,68076500,83167720.00
2021/12/27,1.220,1.245,1.220,1.245,87540500,108126360.00
2021/12/28,1.245,1.280,1.245,1.279,132435033,167450272.00
2021/12/29,1.273,1.274,1.253,1.259,117391500,148131072.00
2021/12/30,1.252,1.273,1.252,1.268,96303700,122169304.00
2021/12/31,1.267,1.278,1.262,1.270,139727000,177773136.00
2022/01/04,1.275,1.277,1.262,1.275,75080000,95363672.00
2022/01/05,1.275,1.314,1.266,1.290,150680500,194834128.00
2022/01/06,1.282,1.300,1.278,1.286,96860101,124741288.00
2022/01/07,1.285,1.323,1.280,1.313,242011302,317892608.00
2022/01/10,1.312,1.328,1.298,1.316,217714988,286505792.00
2022/01/11,1.315,1.326,1.286,1.290,111032906,145046160.00
2022/01/12,1.290,1.300,1.270,1.292,237753070,306647456.00
2022/01/13,1.292,1.292,1.259,1.264,120752603,153562896.00
2022/01/14,1.260,1.264,1.245,1.249,161691000,202702160.00
2022/01/17,1.241,1.265,1.241,1.261,219187100,276096544.00
2022/01/18,1.259,1.272,1.250,1.272,123778592,156532800.00
2022/01/19,1.263,1.285,1.261,1.274,101447589,129339088.00
2022/01/20,1.275,1.286,1.269,1.281,105623407,135141152.00
2022/01/21,1.279,1.279,1.253,1.260,72860812,92024512.00
2022/01/24,1.252,1.265,1.245,1.256,55861000,70096952.00
2022/01/25,1.250,1.265,1.225,1.226,79025603,98576952.00
2022/01/26,1.226,1.241,1.217,1.227,163199500,200837168.00
2022/01/27,1.227,1.227,1.187,1.188,106558289,128215784.00
2022/01/28,1.189,1.207,1.182,1.192,50120174,59950104.00
2022/02/07,1.201,1.215,1.189,1.203,43633600,52361880.00
2022/02/08,1.200,1.200,1.174,1.194,54923933,65140800.00
2022/02/09,1.194,1.208,1.186,1.208,66194600,79256480.00
2022/02/10,1.201,1.204,1.179,1.185,90441759,107317384.00
2022/02/11,1.186,1.196,1.176,1.189,172351759,204889184.00
2022/02/14,1.185,1.185,1.165,1.169,68759499,80567112.00
2022/02/15,1.168,1.175,1.167,1.175,70382699,82390760.00
2022/02/16,1.177,1.184,1.174,1.179,51962000,61157236.00
2022/02/17,1.178,1.180,1.169,1.173,45119300,52956948.00
2022/02/18,1.167,1.179,1.161,1.178,71669411,83834848.00
2022/02/21,1.172,1.183,1.169,1.183,59369600,69953744.00
2022/02/22,1.170,1.174,1.150,1.157,68924076,79825136.00
2022/02/23,1.158,1.169,1.152,1.168,48192605,55983036.00
2022/02/24,1.160,1.162,1.124,1.134,68855585,78847680.00
2022/02/25,1.138,1.146,1.136,1.143,56171874,64087572.00
2022/02/28,1.142,1.142,1.118,1.130,61401300,69043168.00
2022/03/01,1.133,1.140,1.122,1.139,80474200,91149304.00
2022/03/02,1.129,1.130,1.121,1.126,77399300,87026824.00
2022/03/03,1.130,1.130,1.108,1.112,117178546,130426864.00
2022/03/04,1.106,1.108,1.093,1.097,51395202,56525656.00
2022/03/07,1.086,1.094,1.049,1.056,116163295,123386920.00
2022/03/08,1.055,1.060,1.015,1.018,73240337,75713464.00
2022/03/09,1.021,1.025,0.957,0.999,81448675,80933736.00
2022/03/10,1.020,1.027,1.007,1.013,122006700,124016168.00
2022/03/11,0.996,1.020,0.985,1.018,65840817,65973312.00
2022/03/14,1.002,1.011,0.988,0.988,68135700,68002688.00
2022/03/15,0.985,0.986,0.929,0.932,201065800,191933648.00
2022/03/16,0.949,0.969,0.921,0.960,187763111,177944864.00
2022/03/17,0.980,1.005,0.980,0.992,112217600,111383896.00
2022/03/18,0.986,1.001,0.982,0.999,47226609,46729308.00
2022/03/21,0.999,1.006,0.990,0.999,46065600,45955568.00
2022/03/22,0.994,1.007,0.992,1.000,45266200,45279256.00
2022/03/23,1.005,1.005,0.995,0.999,141524002,141238256.00
2022/03/24,0.997,0.999,0.986,0.992,174753600,173627472.00
2022/03/25,0.992,1.004,0.981,0.983,54264100,53855652.00
2022/03/28,0.971,0.980,0.958,0.975,52975102,51362584.00
2022/03/29,0.975,0.980,0.959,0.961,43260400,41741588.00
2022/03/30,0.964,0.996,0.964,0.996,51145668,50275356.00
2022/03/31,1.000,1.000,0.990,0.995,78476100,78171552.00
2022/04/01,0.985,1.014,0.978,1.009,90863907,91369304.00
2022/04/06,1.009,1.018,1.003,1.010,67560300,68274416.00
2022/04/07,1.007,1.017,0.990,0.990,176718300,176482512.00
2022/04/08,0.990,0.995,0.976,0.988,166659046,164125792.00
2022/04/11,0.985,0.987,0.953,0.957,52159000,50498444.00
2022/04/12,0.956,0.987,0.951,0.986,92478000,89323544.00
2022/04/13,0.981,0.987,0.971,0.972,112186000,109645896.00
2022/04/14,0.990,1.004,0.983,1.003,135548500,134782720.00
2022/04/15,0.995,1.002,0.985,0.997,66747300,66421496.00
2022/04/18,0.989,0.996,0.982,0.992,48945900,48440448.00
2022/04/19,0.991,0.995,0.972,0.980,60962501,59766796.00
2022/04/20,0.976,1.001,0.975,0.985,63062200,62378856.00
2022/04/21,0.984,0.996,0.961,0.968,122103082,119406984.00
2022/04/22,0.955,0.984,0.948,0.978,75819600,73180872.00
2022/04/25,0.966,0.977,0.933,0.934,153612600,147120128.00
2022/04/26,0.936,0.948,0.918,0.920,120362700,112554480.00
2022/04/27,0.905,0.941,0.903,0.941,60892100,55929592.00
2022/04/28,0.933,0.945,0.927,0.945,56133300,52446300.00
2022/04/29,0.951,0.995,0.949,0.991,138952300,136649488.00
2022/05/05,1.001,1.023,1.001,1.018,162742185,165346336.00
2022/05/06,0.990,1.006,0.990,1.000,175533401,175433328.00
2022/05/09,0.994,0.998,0.981,0.991,67423600,66681400.00
2022/05/10,0.986,1.003,0.968,0.999,236056500,234444608.00
2022/05/11,1.000,1.014,0.994,0.999,119501000,120298056.00
2022/05/12,0.994,1.006,0.988,1.004,111553200,111528568.00
2022/05/13,1.007,1.014,1.002,1.012,80972802,81629256.00
2022/05/16,1.023,1.026,1.004,1.008,86162999,87189112.00
2022/05/17,1.004,1.014,1.003,1.013,73307499,74038360.00
2022/05/18,1.013,1.019,0.998,1.011,66864899,67333416.00
2022/05/19,0.992,1.006,0.992,1.006,68923900,68904840.00
2022/05/20,1.008,1.030,1.006,1.030,98178600,100273496.00
2022/05/23,1.026,1.027,1.009,1.016,111934500,113420568.00
2022/05/24,1.015,1.019,0.989,0.990,101592394,101880760.00
2022/05/25,0.986,0.995,0.980,0.993,73799500,72908840.00
2022/05/26,0.996,1.004,0.978,1.002,159750300,158790192.00
2022/05/27,1.006,1.015,0.990,0.994,98590500,98666664.00
2022/05/30,0.999,1.008,0.994,1.008,95145800,95421784.00
2022/05/31,1.007,1.034,1.002,1.034,116075983,118227888.00
2022/06/01,1.034,1.044,1.026,1.033,102933600,106588424.00
2022/06/02,1.030,1.034,1.015,1.034,203437400,207702304.00
2022/06/06,1.032,1.049,1.022,1.049,112889600,116878528.00
2022/06/07,1.044,1.047,1.034,1.041,103731535,107930104.00
2022/06/08,1.041,1.042,1.024,1.035,110517100,114146032.00
2022/06/09,1.033,1.033,1.010,1.012,253616841,257676240.00
2022/06/10,1.006,1.031,1.004,1.028,99972500,102070568.00
2022/06/13,1.019,1.024,1.010,1.021,80889812,82199728.00
2022/06/14,1.013,1.032,1.001,1.032,97445600,98536944.00
2022/06/15,1.032,1.064,1.030,1.050,197951600,207664560.00
2022/06/16,1.049,1.059,1.048,1.052,142976202,150508720.00
2022/06/17,1.043,1.077,1.034,1.077,196553194,208732896.00
2022/06/20,1.084,1.111,1.081,1.108,193546763,212823600.00
2022/06/21,1.105,1.125,1.097,1.108,173272200,192695376.00
2022/06/22,1.101,1.107,1.080,1.080,131690840,144000336.00
2022/06/23,1.079,1.101,1.074,1.100,127969800,139008368.00
2022/06/24,1.103,1.140,1.099,1.127,262669108,295617856.00
2022/06/27,1.131,1.156,1.126,1.148,280410600,320049120.00
2022/06/28,1.143,1.150,1.131,1.148,133586501,152454496.00
2022/06/29,1.146,1.153,1.127,1.130,119860400,136948080.00
2022/06/30,1.132,1.163,1.132,1.159,104733385,120528344.00
2022/07/01,1.159,1.159,1.141,1.147,177061385,203519648.00
2022/07/04,1.147,1.161,1.142,1.159,95402403,110054408.00
2022/07/05,1.159,1.175,1.130,1.140,247714298,283000128.00
2022/07/06,1.144,1.148,1.119,1.129,147584798,166804800.00
2022/07/07,1.130,1.134,1.115,1.130,108661256,122385856.00
2022/07/08,1.134,1.139,1.121,1.130,101211162,114195544.00
2022/07/11,1.130,1.138,1.112,1.134,105577100,118891488.00
2022/07/12,1.134,1.156,1.126,1.131,185180995,210458432.00
2022/07/13,1.132,1.146,1.125,1.132,84523001,95990472.00
2022/07/14,1.146,1.153,1.112,1.119,265897994,298256448.00
2022/07/15,1.112,1.132,1.106,1.111,142032225,159229904.00
2022/07/18,1.115,1.123,1.095,1.117,123617030,137535952.00
2022/07/19,1.116,1.125,1.113,1.122,80492173,90056336.00
2022/07/20,1.126,1.128,1.116,1.125,64939873,72968080.00
2022/07/21,1.126,1.127,1.111,1.113,131285773,146822480.00
2022/07/22,1.113,1.117,1.096,1.100,76999700,85116416.00
2022/07/25,1.108,1.121,1.105,1.115,71024205,79127992.00
2022/07/26,1.116,1.130,1.106,1.130,75847603,85103464.00
2022/07/27,1.126,1.140,1.121,1.136,62194207,70428872.00
2022/07/28,1.140,1.145,1.130,1.137,98962600,112679624.00
2022/07/29,1.138,1.150,1.127,1.130,126216404,143379984.00
2022/08/01,1.130,1.140,1.120,1.131,64954300,73463720.00
2022/08/02,1.119,1.119,1.089,1.099,91389000,100715008.00
2022/08/03,1.105,1.112,1.073,1.077,77533920,84626936.00
2022/08/04,1.075,1.085,1.062,1.076,223280698,239099200.00
2022/08/05,1.081,1.083,1.069,1.081,206042726,222132464.00
2022/08/08,1.078,1.096,1.074,1.096,88621601,96321104.00
2022/08/09,1.097,1.101,1.090,1.097,51536569,56471168.00
2022/08/10,1.093,1.099,1.090,1.096,55214500,60425888.00
2022/08/11,1.096,1.117,1.096,1.117,67702474,75108616.00
2022/08/12,1.115,1.121,1.112,1.112,66010508,73671872.00
2022/08/15,1.107,1.121,1.105,1.121,68175664,75949936.00
2022/08/16,1.117,1.125,1.111,1.118,69947135,78269464.00
2022/08/17,1.118,1.134,1.109,1.124,58554900,65720816.00
2022/08/18,1.124,1.134,1.123,1.126,64251100,72539288.00
2022/08/19,1.128,1.137,1.122,1.122,59804301,67440144.00
2022/08/22,1.120,1.123,1.111,1.119,116138700,129703944.00
2022/08/23,1.118,1.120,1.111,1.117,73387500,81786312.00
2022/08/24,1.116,1.116,1.087,1.087,65393900,71792168.00
2022/08/25,1.085,1.093,1.072,1.092,56016400,60666192.00
2022/08/26,1.094,1.098,1.076,1.082,89149601,96547152.00
2022/08/29,1.069,1.092,1.065,1.088,57551801,62351884.00
2022/08/30,1.088,1.103,1.087,1.093,205830594,225024384.00
2022/08/31,1.090,1.100,1.082,1.088,60042065,65455760.00
2022/09/01,1.088,1.111,1.086,1.102,89034904,98171784.00
2022/09/02,1.100,1.101,1.086,1.096,122720557,134187200.00
2022/09/05,1.094,1.095,1.085,1.090,93850500,102256368.00
2022/09/06,1.093,1.110,1.085,1.109,80218200,88210456.00
2022/09/07,1.101,1.118,1.100,1.113,106426610,118315160.00
2022/09/08,1.113,1.120,1.100,1.102,54864100,60812220.00
2022/09/09,1.101,1.125,1.097,1.125,137937705,154696144.00
2022/09/13,1.126,1.137,1.120,1.130,120901524,136364800.00
2022/09/14,1.121,1.129,1.115,1.126,71723186,80321536.00
2022/09/15,1.121,1.130,1.097,1.105,129627001,144019616.00
2022/09/16,1.103,1.106,1.079,1.081,68732708,75141344.00
2022/09/19,1.078,1.087,1.070,1.080,90894733,97918136.00
2022/09/20,1.080,1.089,1.076,1.084,50803000,54948564.00
2022/09/21,1.081,1.083,1.065,1.072,68236600,73186504.00
2022/09/22,1.066,1.069,1.048,1.049,95511433,100752320.00
2022/09/23,1.048,1.055,1.026,1.038,56283400,58479720.00
2022/09/26,1.027,1.064,1.027,1.053,67656100,71198312.00
2022/09/27,1.049,1.065,1.048,1.064,59566200,62866548.00
2022/09/28,1.065,1.065,1.050,1.051,63960200,67630784.00
2022/09/29,1.055,1.061,1.036,1.042,61891200,64735616.00
2022/09/30,1.039,1.042,1.019,1.020,67150500,68974376.00
2022/10/10,1.017,1.019,0.993,0.996,114348348,115168712.00
2022/10/11,0.995,1.002,0.988,0.999,82962856,82624200.00
2022/10/12,0.994,1.016,0.977,1.016,89026507,88108040.00
2022/10/13,1.012,1.016,1.003,1.005,65625300,66222032.00
2022/10/14,1.008,1.023,1.007,1.022,61722500,62858728.00
2022/10/17,1.022,1.024,1.006,1.017,66301785,67181384.00
2022/10/18,1.019,1.027,1.015,1.018,68376000,69704712.00
2022/10/19,1.015,1.016,0.984,0.985,85333572,85190816.00
2022/10/20,0.980,0.988,0.968,0.973,71970474,70146936.00
2022/10/21,0.973,0.978,0.964,0.967,90022326,87350480.00
2022/10/24,0.967,0.977,0.938,0.941,62038100,59102904.00
2022/10/25,0.938,0.957,0.934,0.942,168069200,158777424.00
2022/10/26,0.943,0.964,0.943,0.952,64298900,61285976.00
2022/10/27,0.957,0.965,0.949,0.951,61951800,59353996.00
2022/10/28,0.945,0.952,0.918,0.925,55502800,51936816.00
2022/10/31,0.918,0.922,0.904,0.904,58057000,52864068.00
2022/11/01,0.909,0.934,0.905,0.933,72745200,66971500.00
2022/11/02,0.929,0.963,0.928,0.955,116155700,109955208.00
2022/11/03,0.948,0.961,0.947,0.955,52922768,50508452.00
2022/11/04,0.955,0.988,0.953,0.983,119977400,117355664.00
2022/11/07,0.976,0.991,0.975,0.987,74943800,73737936.00
2022/11/08,0.988,0.988,0.972,0.980,45707800,44646804.00
2022/11/09,0.981,0.990,0.977,0.977,63518600,62469448.00
2022/11/10,0.974,0.974,0.964,0.970,46369500,44879080.00
2022/11/11,0.993,1.014,0.987,1.003,94717900,94644136.00
2022/11/14,1.019,1.032,1.003,1.010,131970500,134218080.00
2022/11/15,1.007,1.028,1.002,1.027,62581300,63802424.00
2022/11/16,1.027,1.030,1.015,1.020,81759500,83374840.00
2022/11/17,1.015,1.019,1.002,1.016,99884701,100732704.00
2022/11/18,1.018,1.024,1.012,1.014,74264000,75545976.00
2022/11/21,1.009,1.012,0.994,1.003,49873600,49883256.00
2022/11/22,1.003,1.006,0.990,0.994,83550602,83176928.00
2022/11/23,0.997,1.002,0.986,0.997,45239500,44996108.00
2022/11/24,1.000,1.018,0.994,0.997,57473800,57370140.00
2022/11/25,0.996,1.006,0.992,1.002,56812200,56839540.00
2022/11/28,0.990,0.992,0.974,0.992,60177900,59215796.00
2022/11/29,1.000,1.017,1.000,1.012,83954400,84861848.00
2022/11/30,1.009,1.019,1.004,1.009,63651500,64327276.00
2022/12/01,1.019,1.029,1.019,1.021,61800990,63298044.00
2022/12/02,1.020,1.023,1.013,1.019,81989000,83376880.00
2022/12/05,1.025,1.043,1.021,1.043,95603900,99130184.00
2022/12/06,1.038,1.049,1.030,1.040,72789500,75807880.00
2022/12/07,1.040,1.050,1.034,1.044,123585600,128962608.00
2022/12/08,1.044,1.050,1.036,1.045,79207574,82699040.00
2022/12/09,1.045,1.073,1.045,1.072,114891300,121976824.00
2022/12/12,1.067,1.067,1.053,1.056,70757500,74964048.00
2022/12/13,1.054,1.055,1.048,1.050,46235500,48611492.00
2022/12/14,1.050,1.060,1.046,1.056,51898797,54729952.00
2022/12/15,1.057,1.066,1.043,1.046,71333200,74863200.00
2022/12/16,1.045,1.049,1.038,1.042,60607200,63178484.00
2022/12/19,1.042,1.053,1.027,1.031,64086105,66444772.00
2022/12/20,1.027,1.027,1.009,1.013,104804714,106663272.00
2022/12/21,1.012,1.023,1.006,1.012,53245800,54124896.00
2022/12/22,1.015,1.030,1.013,1.015,116844500,119408240.00
2022/12/23,1.010,1.019,1.004,1.012,90269700,91131464.00
2022/12/26,1.012,1.016,1.006,1.010,45507800,45976756.00
2022/12/27,1.013,1.030,1.009,1.029,60499700,61895708.00
2022/12/28,1.026,1.026,1.011,1.013,51891100,52686208.00
2022/12/29,1.010,1.013,1.003,1.004,63741626,64169740.00
2022/12/30,1.006,1.013,1.005,1.006,46207300,46562304.00
2023/01/03,1.003,1.014,0.999,1.010,64515400,65000508.00
2023/01/04,1.009,1.033,1.007,1.027,68725600,70362728.00
2023/01/05,1.029,1.054,1.029,1.053,74330902,77736176.00
2023/01/06,1.053,1.058,1.049,1.052,94088101,98981696.00
2023/01/09,1.054,1.056,1.048,1.052,59905800,62996604.00
2023/01/10,1.054,1.061,1.049,1.059,71623500,75823568.00
2023/01/11,1.061,1.072,1.054,1.061,73183256,77924776.00
2023/01/12,1.060,1.066,1.055,1.059,47088300,49878712.00
2023/01/13,1.062,1.086,1.057,1.086,69918300,75164656.00
2023/01/16,1.086,1.119,1.086,1.109,94486297,104296104.00
2023/01/17,1.110,1.115,1.099,1.111,131625137,145935152.00
2023/01/18,1.111,1.116,1.101,1.102,60309292,66747432.00
2023/01/19,1.096,1.104,1.091,1.104,63888700,70085536.00
2023/01/20,1.104,1.108,1.095,1.099,63271300,69555912.00
2023/01/30,1.110,1.123,1.104,1.105,97271452,108232608.00
2023/01/31,1.104,1.109,1.097,1.100,60296267,66502912.00
2023/02/01,1.103,1.112,1.095,1.111,185463200,204914128.00
2023/02/02,1.110,1.113,1.098,1.104,193954661,214184368.00
2023/02/03,1.102,1.102,1.085,1.100,76766200,83911976.00
2023/02/06,1.088,1.091,1.069,1.076,175568331,188965632.00
2023/02/07,1.073,1.104,1.073,1.103,133453708,146571552.00
2023/02/08,1.103,1.104,1.091,1.097,85629700,94069784.00
2023/02/09,1.097,1.114,1.091,1.112,97259100,107726224.00
2023/02/10,1.108,1.116,1.103,1.113,61912197,68649528.00
2023/02/13,1.112,1.123,1.107,1.123,72485902,80982344.00
2023/02/14,1.124,1.126,1.116,1.125,59100200,66253260.00
2023/02/15,1.124,1.124,1.110,1.111,67139100,74744168.00
2023/02/16,1.110,1.118,1.089,1.097,76876841,85244416.00
2023/02/17,1.095,1.106,1.092,1.094,60338800,66385936.00
2023/02/20,1.093,1.144,1.092,1.142,185201100,209553312.00
2023/02/21,1.139,1.148,1.133,1.148,124310405,142102400.00
2023/02/22,1.143,1.147,1.133,1.144,118370101,135056176.00
2023/02/23,1.141,1.163,1.141,1.152,59401604,68457912.00
2023/02/24,1.149,1.151,1.133,1.140,59847005,68179208.00
2023/02/27,1.134,1.142,1.123,1.133,73022000,82774648.00
2023/02/28,1.130,1.140,1.119,1.134,85244757,96231688.00
2023/03/01,1.133,1.151,1.125,1.147,90974857,104010648.00
2023/03/02,1.146,1.149,1.135,1.138,170599405,194581824.00
2023/03/03,1.139,1.148,1.132,1.137,63862903,72740496.00
2023/03/06,1.141,1.141,1.121,1.130,122676000,138616080.00
2023/03/07,1.130,1.132,1.104,1.106,63491732,71085072.00
2023/03/08,1.102,1.110,1.096,1.102,56625000,62364624.00
2023/03/09,1.102,1.109,1.096,1.101,61393800,67679864.00
2023/03/10,1.097,1.097,1.071,1.072,148651400,160091616.00
2023/03/13,1.069,1.094,1.067,1.093,126233700,136233312.00
2023/03/14,1.091,1.091,1.065,1.074,58605900,63033584.00
2023/03/15,1.080,1.091,1.080,1.083,45260000,49086772.00
2023/03/16,1.077,1.078,1.068,1.071,49410701,53041612.00
2023/03/17,1.075,1.082,1.065,1.070,71469200,76640432.00
2023/03/20,1.070,1.072,1.062,1.067,87942800,93761544.00
2023/03/21,1.069,1.091,1.067,1.090,51492845,55716372.00
2023/03/22,1.092,1.096,1.084,1.087,72620700,79056920.00
2023/03/23,1.084,1.092,1.080,1.083,138662407,150440496.00
2023/03/24,1.083,1.097,1.079,1.095,91902700,100129952.00
2023/03/27,1.097,1.112,1.094,1.101,222193500,244794832.00
2023/03/28,1.099,1.103,1.091,1.092,161319000,176538224.00
2023/03/29,1.093,1.102,1.092,1.096,105218000,115351880.00
2023/03/30,1.096,1.128,1.093,1.125,266035900,295268960.00
2023/03/31,1.125,1.125,1.106,1.112,257173800,285695840.00
2023/04/03,1.112,1.119,1.106,1.112,178896600,198974880.00
2023/04/04,1.112,1.112,1.091,1.101,247132300,271537728.00
2023/04/06,1.101,1.107,1.098,1.104,219592500,241949632.00
2023/04/07,1.105,1.126,1.103,1.112,311187600,346083872.00
2023/04/10,1.115,1.117,1.101,1.106,204278655,225894256.00
2023/04/11,1.106,1.124,1.104,1.121,198680182,222338944.00
2023/04/12,1.121,1.130,1.117,1.120,199461766,223872064.00
2023/04/13,1.116,1.116,1.101,1.101,149130857,164931152.00
2023/04/14,1.101,1.105,1.099,1.101,117703100,129618240.00
2023/04/17,1.103,1.129,1.103,1.129,284864494,319910016.00
2023/04/18,1.127,1.145,1.125,1.140,177290399,201604352.00
2023/04/19,1.136,1.139,1.126,1.130,169315582,191547200.00
2023/04/20,1.127,1.144,1.127,1.144,198988008,226714224.00
2023/04/21,1.142,1.148,1.116,1.119,226444401,256175408.00
2023/04/24,1.117,1.133,1.102,1.106,230043827,256736304.00
2023/04/25,1.106,1.111,1.086,1.104,196368100,215176208.00
2023/04/26,1.096,1.105,1.089,1.098,113582700,124689112.00
2023/04/27,1.097,1.108,1.091,1.101,184368101,202650000.00
2023/04/28,1.107,1.113,1.100,1.107,100366400,110861920.00
2023/05/04,1.099,1.102,1.090,1.093,234902300,256873824.00
2023/05/05,1.090,1.092,1.061,1.070,278853201,298391584.00
2023/05/08,1.072,1.077,1.059,1.062,114829106,122032552.00
2023/05/09,1.061,1.069,1.050,1.053,164576831,174738896.00
2023/05/10,1.053,1.072,1.045,1.064,99200901,105176512.00
2023/05/11,1.066,1.075,1.062,1.062,140031400,149635376.00
2023/05/12,1.063,1.081,1.059,1.064,104694800,111907536.00
2023/05/15,1.068,1.073,1.057,1.071,77229802,82143248.00
2023/05/16,1.074,1.074,1.056,1.060,76152882,80767656.00
2023/05/17,1.056,1.062,1.054,1.061,75482394,79863544.00
2023/05/18,1.062,1.079,1.061,1.072,124775800,133725824.00
2023/05/19,1.070,1.098,1.068,1.091,129186831,140605280.00
2023/05/22,1.090,1.109,1.083,1.108,178901082,196825168.00
2023/05/23,1.106,1.107,1.095,1.095,355643800,390610464.00
2023/05/24,1.093,1.094,1.071,1.073,84547900,91403624.00
2023/05/25,1.068,1.080,1.065,1.080,84463202,90700136.00
2023/05/26,1.078,1.085,1.065,1.081,118181718,127122488.00
2023/05/29,1.083,1.088,1.063,1.067,309944700,331025344.00
2023/05/30,1.064,1.073,1.048,1.062,129253475,136828816.00
2023/05/31,1.060,1.062,1.043,1.049,210729915,221820336.00
2023/06/01,1.049,1.056,1.041,1.045,97759178,102527152.00
2023/06/02,1.051,1.087,1.051,1.083,132179474,142272144.00
2023/06/05,1.084,1.095,1.073,1.092,304354937,331649088.00
2023/06/06,1.091,1.102,1.077,1.077,99380674,108415496.00
2023/06/07,1.083,1.092,1.076,1.082,121726000,131901736.00
2023/06/08,1.083,1.101,1.076,1.098,90428200,98395184.00
2023/06/09,1.104,1.109,1.086,1.090,101624567,111235952.00
2023/06/12,1.090,1.133,1.084,1.125,231129597,257298496.00
2023/06/13,1.124,1.128,1.114,1.122,177761085,199072448.00
2023/06/14,1.123,1.133,1.122,1.126,119585379,134740512.00
2023/06/15,1.126,1.157,1.125,1.151,159974398,183629776.00
2023/06/16,1.155,1.160,1.142,1.151,137047243,157909408.00
2023/06/19,1.152,1.153,1.138,1.144,109656304,125435008.00
2023/06/20,1.142,1.170,1.140,1.162,273103312,316982432.00
2023/06/21,1.164,1.169,1.155,1.158,133303224,154696704.00
2023/06/26,1.148,1.161,1.136,1.140,121458219,139612144.00
2023/06/27,1.140,1.170,1.139,1.163,110923200,128240712.00
2023/06/28,1.163,1.174,1.154,1.170,145346504,169352480.00
2023/06/29,1.164,1.174,1.157,1.169,129237199,150907936.00
2023/06/30,1.167,1.177,1.162,1.168,166160080,194301744.00
2023/07/03,1.166,1.187,1.163,1.173,144398480,169612352.00
2023/07/04,1.175,1.176,1.159,1.170,127688606,149461872.00
2023/07/05,1.169,1.169,1.159,1.162,96323343,111945704.00
2023/07/06,1.162,1.173,1.153,1.157,74607058,86722608.00
2023/07/07,1.150,1.154,1.142,1.147,119559709,137020144.00
2023/07/10,1.147,1.147,1.128,1.133,91942700,104382200.00
2023/07/11,1.135,1.146,1.133,1.143,103261200,117676576.00
2023/07/12,1.144,1.156,1.139,1.143,56760000,65147052.00
2023/07/13,1.143,1.153,1.143,1.147,40567800,46589456.00
2023/07/14,1.152,1.152,1.134,1.139,110128453,125491152.00
2023/07/17,1.134,1.138,1.124,1.133,61753722,69651832.00
2023/07/18,1.134,1.140,1.120,1.136,63501100,71649584.00
2023/07/19,1.135,1.143,1.131,1.143,56851050,64650764.00
2023/07/20,1.145,1.150,1.127,1.129,80226612,91612320.00
2023/07/21,1.132,1.133,1.117,1.120,61805382,69517728.00
2023/07/24,1.122,1.125,1.110,1.115,109177030,121660472.00
2023/07/25,1.146,1.159,1.126,1.155,266089171,305171520.00
2023/07/26,1.154,1.154,1.141,1.151,137880392,158276064.00
2023/07/27,1.143,1.149,1.133,1.138,146432300,167173296.00
2023/07/28,1.133,1.163,1.133,1.157,175724400,201729824.00
2023/07/31,1.161,1.177,1.161,1.163,113071500,132093680.00
2023/08/01,1.163,1.166,1.150,1.154,87283000,101024584.00
2023/08/02,1.156,1.164,1.149,1.156,115014500,133163536.00
2023/08/03,1.155,1.156,1.143,1.155,182747600,210274448.00
2023/08/04,1.168,1.168,1.152,1.157,69517900,80712440.00
2023/08/07,1.153,1.157,1.147,1.148,58158300,66946008.00
2023/08/08,1.149,1.152,1.142,1.145,71651440,82139784.00
2023/08/09,1.141,1.145,1.134,1.137,108368701,123292672.00
2023/08/10,1.137,1.137,1.122,1.134,53403500,60343416.00
2023/08/11,1.132,1.134,1.108,1.109,74880000,83915432.00
2023/08/14,1.105,1.107,1.088,1.106,68129100,74854544.00
2023/08/15,1.106,1.110,1.089,1.100,94712908,104105952.00
2023/08/16,1.097,1.103,1.091,1.091,60446700,66200860.00
2023/08/17,1.090,1.110,1.084,1.108,115538900,127457840.00
2023/08/18,1.108,1.108,1.087,1.087,96644262,105738920.00
2023/08/21,1.085,1.092,1.075,1.077,105646962,114564184.00
2023/08/22,1.079,1.081,1.063,1.079,96543600,103510712.00
2023/08/23,1.076,1.079,1.062,1.063,42398200,45408416.00
2023/08/24,1.063,1.086,1.063,1.077,53468501,57361412.00
2023/08/25,1.075,1.080,1.065,1.070,57527200,61624564.00
2023/08/28,1.120,1.123,1.080,1.085,111689500,121745416.00
2023/08/29,1.078,1.107,1.076,1.104,78313300,85895400.00
2023/08/30,1.106,1.119,1.103,1.113,82460100,91662872.00
2023/08/31,1.117,1.126,1.115,1.117,67258910,75307352.00
2023/09/01,1.118,1.135,1.117,1.135,93297438,105508336.00
2023/09/04,1.139,1.144,1.129,1.142,137653455,156714592.00
2023/09/05,1.143,1.146,1.133,1.139,58716890,66933620.00
2023/09/06,1.136,1.136,1.125,1.132,94602161,106866312.00
2023/09/07,1.129,1.129,1.115,1.116,49769032,55811412.00
2023/09/08,1.114,1.119,1.108,1.114,35321700,39338708.00
2023/09/11,1.115,1.126,1.111,1.120,45922600,51426080.00
2023/09/12,1.123,1.132,1.115,1.131,57333198,64664532.00
2023/09/13,1.132,1.132,1.111,1.119,57103501,63874284.00
2023/09/14,1.118,1.119,1.104,1.107,47626100,52798904.00
2023/09/15,1.108,1.111,1.096,1.103,58937100,64956012.00
2023/09/18,1.097,1.112,1.087,1.107,93207942,102969968.00
2023/09/19,1.108,1.108,1.095,1.103,59393700,65444684.00
2023/09/20,1.103,1.110,1.100,1.104,49690800,54949032.00
2023/09/21,1.105,1.105,1.096,1.100,43631435,47960472.00
2023/09/22,1.097,1.114,1.097,1.114,54119000,59908236.00
2023/09/25,1.115,1.118,1.109,1.112,38422500,42800272.00
2023/09/26,1.109,1.115,1.107,1.110,33717300,37461540.00
2023/09/27,1.111,1.119,1.107,1.113,32494600,36173788.00
2023/09/28,1.115,1.119,1.112,1.114,35566000,39628560.00
2023/10/09,1.111,1.116,1.102,1.115,58342876,64783368.00
2023/10/10,1.117,1.118,1.092,1.094,75927987,83380648.00
2023/10/11,1.095,1.104,1.091,1.095,62452700,68481840.00
2023/10/12,1.100,1.110,1.099,1.105,40572952,44808652.00
2023/10/13,1.102,1.103,1.088,1.094,69251600,75768544.00
2023/10/16,1.093,1.096,1.087,1.092,56739227,61846204.00
2023/10/17,1.095,1.100,1.089,1.100,40436258,44257708.00
2023/10/18,1.099,1.100,1.091,1.098,37158008,40759260.00
2023/10/19,1.092,1.095,1.078,1.078,79025900,85732688.00
2023/10/20,1.075,1.078,1.063,1.067,83314900,88915432.00
2023/10/23,1.065,1.069,1.050,1.059,50090458,53032696.00
2023/10/24,1.059,1.066,1.047,1.062,40041100,42403096.00
2023/10/25,1.066,1.075,1.061,1.066,41407900,44247648.00
2023/10/26,1.062,1.073,1.060,1.071,36916865,39331188.00
2023/10/27,1.071,1.096,1.070,1.089,52006600,56491540.00
2023/10/30,1.092,1.098,1.085,1.096,41019955,44829312.00
2023/10/31,1.092,1.093,1.074,1.079,39541200,42632988.00
2023/11/01,1.078,1.082,1.071,1.081,44262000,47725680.00
2023/11/02,1.079,1.087,1.066,1.067,72858500,78049456.00
2023/11/03,1.069,1.082,1.069,1.076,47713300,51398660.00
2023/11/06,1.080,1.092,1.077,1.090,90412800,98320592.00
2023/11/07,1.092,1.096,1.084,1.094,51708924,56391844.00
2023/11/08,1.095,1.096,1.086,1.094,30763100,33590464.00
2023/11/09,1.089,1.096,1.087,1.095,40296511,43987632.00
2023/11/10,1.091,1.091,1.084,1.089,28488700,31023350.00
2023/11/13,1.090,1.092,1.070,1.077,47515400,51068220.00
2023/11/14,1.078,1.082,1.075,1.082,46274328,49945848.00
2023/11/15,1.087,1.098,1.086,1.094,63837201,69843432.00
2023/11/16,1.093,1.093,1.086,1.087,38433107,41884096.00
2023/11/17,1.085,1.094,1.081,1.094,42461300,46139056.00
2023/11/20,1.095,1.105,1.088,1.101,39133502,43003308.00
2023/11/21,1.100,1.107,1.092,1.094,46227100,50761840.00
2023/11/22,1.089,1.092,1.078,1.078,33665055,36489836.00
2023/11/23,1.075,1.093,1.073,1.091,43678412,47412064.00
2023/11/24,1.091,1.091,1.080,1.084,34083871,36904216.00
2023/11/27,1.082,1.082,1.066,1.073,35458334,37963144.00
2023/11/28,1.071,1.085,1.070,1.084,28454300,30710320.00
2023/11/29,1.080,1.083,1.075,1.078,29870600,32192278.00
2023/11/30,1.077,1.079,1.069,1.076,26890286,28863170.00
2023/12/01,1.072,1.075,1.054,1.062,50261542,53250024.00
2023/12/04,1.064,1.064,1.054,1.058,109361698,115713728.00
2023/12/05,1.058,1.058,1.036,1.036,37278213,39035512.00
2023/12/06,1.036,1.044,1.034,1.036,41412915,43008712.00
2023/12/07,1.035,1.047,1.034,1.043,101784985,105785376.00
2023/12/08,1.043,1.050,1.039,1.039,44239363,46185376.00
2023/12/11,1.038,1.052,1.027,1.048,39053562,40551612.00
2023/12/12,1.044,1.051,1.043,1.048,31153416,32628978.00
2023/12/13,1.046,1.050,1.034,1.037,45909234,47874504.00
2023/12/14,1.041,1.048,1.036,1.037,40154200,41852116.00
2023/12/15,1.036,1.048,1.032,1.035,40200900,41725504.00
2023/12/18,1.032,1.039,1.024,1.033,39635116,40977528.00
2023/12/19,1.032,1.036,1.028,1.035,39107600,40370172.00
2023/12/20,1.035,1.036,1.015,1.016,44204500,45301336.00
2023/12/21,1.018,1.029,1.013,1.026,74301901,76014472.00
2023/12/22,1.025,1.042,1.023,1.034,75942700,78500160.00
2023/12/25,1.029,1.042,1.029,1.037,37354358,38707744.00
2023/12/26,1.037,1.037,1.022,1.024,56105200,57519740.00
2023/12/27,1.024,1.037,1.023,1.036,110032616,113724672.00
2023/12/28,1.034,1.054,1.030,1.050,76070077,79584776.00
2023/12/29,1.047,1.061,1.045,1.060,44837471,47327604.00
2024/01/02,1.058,1.062,1.049,1.049,45359154,47808272.00
2024/01/03,1.052,1.052,1.036,1.041,39733900,41353188.00
2024/01/04,1.038,1.045,1.032,1.044,37706100,39155520.00
2024/01/05,1.043,1.063,1.037,1.051,86666881,91391808.00
2024/01/08,1.047,1.048,1.032,1.032,72182278,74966168.00
2024/01/09,1.032,1.043,1.030,1.043,51128600,53056944.00
2024/01/10,1.039,1.050,1.035,1.046,36945927,38548720.00
2024/01/11,1.045,1.055,1.037,1.049,43432400,45485080.00
2024/01/12,1.049,1.057,1.042,1.042,41319500,43392028.00
2024/01/15,1.040,1.055,1.038,1.054,36858656,38633644.00
2024/01/16,1.050,1.059,1.045,1.059,49831600,52434400.00
2024/01/17,1.055,1.057,1.038,1.038,38443200,40437752.00
2024/01/18,1.032,1.041,1.013,1.039,48126300,49384192.00
2024/01/19,1.039,1.042,1.023,1.034,45034388,46631872.00
2024/01/22,1.032,1.032,0.993,0.996,70096900,71255352.00
2024/01/23,0.996,1.007,0.986,1.001,89504303,89186528.00
2024/01/24,1.011,1.020,0.997,1.020,81973916,82832976.00
2024/01/25,1.021,1.028,1.012,1.026,95394600,97465344.00
2024/01/26,1.026,1.030,1.020,1.026,41916200,42983220.00
2024/01/29,1.029,1.040,1.025,1.029,54702695,56411092.00
2024/01/30,1.023,1.030,1.012,1.012,51919104,53092580.00
2024/01/31,1.010,1.017,0.995,1.001,39079700,39332612.00
2024/02/01,0.998,1.015,0.991,1.005,56881179,57185136.00
2024/02/02,1.003,1.011,0.968,0.993,45409900,45137020.00
2024/02/05,0.981,0.990,0.954,0.981,98472358,95869976.00
2024/02/06,0.969,1.018,0.969,1.007,154872400,154651504.00
2024/02/07,1.008,1.034,1.001,1.030,57454285,59001944.00
2024/02/08,1.030,1.054,1.030,1.041,75029002,78364704.00
2024/02/19,1.042,1.053,1.034,1.043,49064796,51004784.00
2024/02/20,1.044,1.064,1.034,1.064,77807574,81963264.00
2024/02/21,1.058,1.087,1.051,1.072,131848200,142068256.00
2024/02/22,1.068,1.073,1.062,1.072,49211075,52580124.00
2024/02/23,1.073,1.078,1.060,1.073,51408401,55026972.00
2024/02/26,1.094,1.102,1.086,1.097,94231771,103138344.00
2024/02/27,1.085,1.111,1.085,1.110,81585900,89882592.00
2024/02/28,1.109,1.112,1.085,1.085,68099300,74835840.00
2024/02/29,1.078,1.112,1.078,1.111,62036200,68416160.00
2024/03/01,1.111,1.130,1.102,1.130,42768800,47995788.00
2024/03/04,1.140,1.155,1.130,1.143,101577900,115548184.00
2024/03/05,1.138,1.138,1.123,1.135,60593300,68564080.00
2024/03/06,1.130,1.145,1.130,1.137,47812100,54310184.00
2024/03/07,1.140,1.153,1.137,1.139,66232100,75834752.00
2024/03/08,1.138,1.146,1.131,1.143,43318900,49255968.00
2024/03/11,1.144,1.148,1.131,1.145,57443200,65338120.00
2024/03/12,1.145,1.149,1.128,1.139,80056200,91027776.00
2024/03/13,1.139,1.144,1.127,1.139,42500900,48292212.00
2024/03/14,1.142,1.147,1.131,1.138,79817200,90977224.00
2024/03/15,1.138,1.138,1.123,1.135,52750000,59607700.00
2024/03/18,1.134,1.137,1.122,1.135,71009603,80126416.00
2024/03/19,1.132,1.134,1.125,1.126,62686000,70809176.00
2024/03/20,1.126,1.130,1.117,1.124,51707800,58063532.00
2024/03/21,1.120,1.125,1.105,1.111,41915801,46581220.00
2024/03/22,1.105,1.118,1.105,1.118,135172300,150165328.00
2024/03/25,1.117,1.131,1.110,1.116,69603100,77975416.00
2024/03/26,1.113,1.115,1.105,1.112,80098299,88991888.00
2024/03/27,1.111,1.125,1.107,1.108,61448300,68739456.00
2024/03/28,1.110,1.144,1.107,1.136,94041055,106518064.00
2024/03/29,1.136,1.139,1.124,1.134,58352200,65947456.00
2024/04/01,1.136,1.161,1.135,1.160,65236537,74968216.00
2024/04/02,1.159,1.159,1.148,1.151,83926500,96696080.00
2024/04/03,1.153,1.155,1.141,1.150,76433500,87835832.00
2024/04/08,1.150,1.150,1.128,1.128,58917300,67004624.00
2024/04/09,1.128,1.134,1.121,1.126,237766600,267475568.00
2024/04/10,1.126,1.127,1.107,1.110,238320100,265037104.00
2024/04/11,1.106,1.122,1.103,1.116,43327200,48398320.00
2024/04/12,1.122,1.133,1.119,1.126,54880800,61871448.00
2024/04/15,1.126,1.145,1.116,1.141,59035200,66978572.00
2024/04/16,1.137,1.145,1.126,1.131,82429600,93559472.00
2024/04/17,1.131,1.159,1.126,1.158,56351900,64399316.00
2024/04/18,1.158,1.192,1.154,1.179,184667252,218015824.00
2024/04/19,1.168,1.176,1.164,1.174,100391750,117514296.00
2024/04/22,1.169,1.185,1.163,1.169,74311800,87106264.00
2024/04/23,1.161,1.168,1.147,1.161,68576501,79252336.00
2024/04/24,1.160,1.164,1.149,1.161,44781600,51841860.00
2024/04/25,1.159,1.167,1.155,1.163,46930500,54536608.00
2024/04/26,1.163,1.181,1.160,1.175,77680200,91177312.00
2024/04/29,1.175,1.206,1.173,1.202,75996400,90700664.00
2024/04/30,1.199,1.240,1.197,1.227,163332500,200404912.00
2024/05/06,1.236,1.266,1.235,1.266,98511885,123456904.00
2024/05/07,1.261,1.263,1.247,1.250,58246605,72943104.00
2024/05/08,1.249,1.251,1.238,1.240,52385349,65127032.00
2024/05/09,1.239,1.262,1.239,1.261,106220004,133048608.00
2024/05/10,1.261,1.267,1.250,1.264,53520700,67303192.00
2024/05/13,1.254,1.289,1.249,1.284,59222713,75545744.00
2024/05/14,1.283,1.283,1.256,1.266,67751174,85860328.00
2024/05/15,1.264,1.283,1.262,1.274,74672778,95093304.00
2024/05/16,1.275,1.276,1.256,1.260,79012991,99743656.00
2024/05/17,1.258,1.261,1.232,1.253,90517244,112630120.00
2024/05/20,1.250,1.250,1.232,1.238,198497239,245722848.00
2024/05/21,1.234,1.244,1.232,1.236,74822786,92668616.00
2024/05/22,1.232,1.236,1.225,1.230,76335949,93807184.00
2024/05/23,1.225,1.229,1.217,1.222,91714500,112094168.00
2024/05/24,1.218,1.227,1.214,1.214,91729700,112045576.00
2024/05/27,1.214,1.237,1.212,1.235,151689600,186397392.00
2024/05/28,1.230,1.235,1.220,1.220,91546500,112235128.00
2024/05/29,1.218,1.222,1.212,1.215,37926700,46131044.00
2024/05/30,1.212,1.223,1.206,1.209,120867800,146630480.00
2024/05/31,1.209,1.218,1.207,1.207,35349800,42800588.00
2024/06/03,1.208,1.233,1.206,1.222,91855600,112202544.00
2024/06/04,1.220,1.227,1.204,1.224,45184000,54923216.00
2024/06/05,1.223,1.227,1.205,1.207,49193000,59910944.00
2024/06/06,1.207,1.221,1.203,1.210,73177200,88701424.00
2024/06/07,1.213,1.213,1.186,1.200,57181500,68366040.00
2024/06/11,1.193,1.201,1.185,1.198,40084600,47762832.00
2024/06/12,1.196,1.205,1.192,1.202,59274700,71194880.00
2024/06/13,1.198,1.207,1.192,1.199,91004927,108931680.00
2024/06/14,1.191,1.206,1.188,1.204,69216959,83097240.00
2024/06/17,1.196,1.204,1.185,1.190,51836900,61790616.00
2024/06/18,1.190,1.195,1.182,1.194,32514332,38615088.00
2024/06/19,1.192,1.193,1.173,1.177,50370500,59338068.00
2024/06/20,1.174,1.178,1.162,1.164,47753105,55809264.00
2024/06/21,1.160,1.166,1.150,1.159,68086300,78834824.00
2024/06/24,1.153,1.165,1.148,1.150,53455400,61720288.00
2024/06/25,1.146,1.165,1.146,1.154,62396947,72151432.00
2024/06/26,1.151,1.154,1.138,1.153,41887800,48011280.00
2024/06/27,1.153,1.153,1.122,1.125,111255400,125491296.00
2024/06/28,1.116,1.131,1.116,1.124,126279886,141787200.00
2024/07/01,1.122,1.126,1.109,1.121,61532002,68634424.00
2024/07/02,1.119,1.119,1.094,1.100,64570500,71197752.00
2024/07/03,1.098,1.102,1.085,1.090,95108800,103776872.00
2024/07/04,1.090,1.104,1.086,1.089,60615100,66431296.00
2024/07/05,1.086,1.087,1.061,1.079,60483326,64850740.00
2024/07/08,1.075,1.076,1.062,1.065,70222166,75019696.00
2024/07/09,1.065,1.081,1.061,1.077,63606747,68048464.00
2024/07/10,1.077,1.084,1.070,1.073,46745000,50365156.00
2024/07/11,1.079,1.096,1.071,1.095,57728800,62721836.00
2024/07/12,1.091,1.103,1.087,1.098,35104400,38451956.00
2024/07/15,1.092,1.094,1.075,1.078,59962300,64789076.00
2024/07/16,1.075,1.078,1.067,1.076,59276001,63569480.00
2024/07/17,1.075,1.075,1.053,1.064,51733887,54766476.00
2024/07/18,1.056,1.074,1.053,1.073,87388762,93295072.00
2024/07/19,1.073,1.073,1.061,1.070,76560314,81767568.00
2024/07/22,1.072,1.077,1.062,1.068,47814000,51060956.00
2024/07/23,1.068,1.071,1.039,1.041,60239972,63378924.00
2024/07/24,1.037,1.042,1.011,1.013,84446300,86103200.00
2024/07/25,1.009,1.012,1.002,1.008,64404300,64824424.00
2024/07/26,1.035,1.066,1.033,1.063,179136100,188794736.00
2024/07/29,1.064,1.066,1.048,1.056,86380700,91137552.00
2024/07/30,1.052,1.052,1.030,1.036,81262900,84128168.00
2024/07/31,1.035,1.086,1.030,1.083,109683259,117310032.00
2024/08/01,1.087,1.095,1.076,1.077,120446400,130540112.00
2024/08/02,1.071,1.087,1.061,1.063,82397670,88147552.00
2024/08/05,1.058,1.085,1.044,1.044,91623200,97295168.00
2024/08/06,1.045,1.058,1.031,1.041,99530304,103334528.00
2024/08/07,1.041,1.049,1.029,1.040,66124000,68830504.00
2024/08/08,1.041,1.048,1.030,1.042,50620200,52612044.00
2024/08/09,1.043,1.056,1.035,1.036,51870312,54109492.00
数据来源:通达信
