159611 电力ETF 日线 不复权
      日期	    开盘	    最高	    最低	    收盘	    成交量	    成交额
2022/01/07,0.966,0.971,0.947,0.948,101544208,97445824.00
2022/01/10,0.940,0.944,0.933,0.939,59772658,56112172.00
2022/01/11,0.939,0.959,0.938,0.944,85592216,81177992.00
2022/01/12,0.943,0.950,0.935,0.946,59528181,56024964.00
2022/01/13,0.947,0.947,0.931,0.936,59685366,55849940.00
2022/01/14,0.927,0.941,0.923,0.928,46823096,43641540.00
2022/01/17,0.929,0.936,0.923,0.932,32483878,30276006.00
2022/01/18,0.931,0.960,0.924,0.954,98503895,93323192.00
2022/01/19,0.954,0.954,0.938,0.944,72136393,68077144.00
2022/01/20,0.944,0.956,0.931,0.944,92091746,86988752.00
2022/01/21,0.939,0.957,0.932,0.932,89724783,84756952.00
2022/01/24,0.928,0.936,0.921,0.932,48875780,45376792.00
2022/01/25,0.930,0.930,0.890,0.890,96118301,87333048.00
2022/01/26,0.896,0.913,0.893,0.904,60905818,55109908.00
2022/01/27,0.906,0.906,0.888,0.889,48800270,43719224.00
2022/01/28,0.894,0.897,0.872,0.883,61393005,54324128.00
2022/02/07,0.891,0.907,0.890,0.907,57898743,52162968.00
2022/02/08,0.907,0.930,0.899,0.929,76635151,70149648.00
2022/02/09,0.930,0.952,0.923,0.946,103950309,97840248.00
2022/02/10,0.948,0.957,0.942,0.952,87570299,83146976.00
2022/02/11,0.950,0.956,0.937,0.940,56144166,53103660.00
2022/02/14,0.935,0.935,0.910,0.915,72510673,66692176.00
2022/02/15,0.919,0.919,0.907,0.915,56461851,51497628.00
2022/02/16,0.919,0.925,0.911,0.914,60992230,56028120.00
2022/02/17,0.912,0.921,0.907,0.918,60338774,55203908.00
2022/02/18,0.908,0.925,0.907,0.918,56764482,51957500.00
2022/02/21,0.922,0.922,0.910,0.918,58463580,53483508.00
2022/02/22,0.908,0.913,0.899,0.905,71801062,64957188.00
2022/02/23,0.905,0.912,0.905,0.912,53151042,48293884.00
2022/02/24,0.907,0.931,0.894,0.905,142952175,130876008.00
2022/02/25,0.908,0.938,0.908,0.938,139693377,128990576.00
2022/02/28,0.930,0.949,0.926,0.941,106320581,99558592.00
2022/03/01,0.944,0.951,0.937,0.942,77994780,73557040.00
2022/03/02,0.932,0.944,0.931,0.939,61982740,58071896.00
2022/03/03,0.944,0.957,0.942,0.952,95594975,90969144.00
2022/03/04,0.942,0.959,0.934,0.949,117879975,111534248.00
2022/03/07,0.943,0.963,0.934,0.938,95911807,90965728.00
2022/03/08,0.933,0.937,0.900,0.905,110898554,101898512.00
2022/03/09,0.910,0.932,0.883,0.919,124687304,113724440.00
2022/03/10,0.932,0.948,0.915,0.940,141193499,131843512.00
2022/03/11,0.921,0.925,0.897,0.920,116540771,106315568.00
2022/03/14,0.907,0.911,0.888,0.889,73694922,66337636.00
2022/03/15,0.889,0.889,0.820,0.826,137759392,117370688.00
2022/03/16,0.837,0.863,0.816,0.861,140063777,117903000.00
2022/03/17,0.867,0.875,0.858,0.860,110176346,95479720.00
2022/03/18,0.861,0.883,0.852,0.880,107385858,93914896.00
2022/03/21,0.876,0.880,0.864,0.875,91392431,79791896.00
2022/03/22,0.873,0.880,0.865,0.877,55330196,48187960.00
2022/03/23,0.885,0.890,0.873,0.875,60605962,53327916.00
2022/03/24,0.865,0.871,0.857,0.858,57705584,49721124.00
2022/03/25,0.857,0.858,0.841,0.844,57635262,48992160.00
2022/03/28,0.842,0.853,0.830,0.853,51550282,43360524.00
2022/03/29,0.853,0.863,0.850,0.851,79283085,67800728.00
2022/03/30,0.855,0.863,0.854,0.863,60865212,52298196.00
2022/03/31,0.863,0.864,0.852,0.853,64993317,55603092.00
2022/04/01,0.840,0.860,0.837,0.858,57812659,49234980.00
2022/04/06,0.851,0.865,0.850,0.865,48782053,41826188.00
2022/04/07,0.863,0.864,0.850,0.851,48546420,41687504.00
2022/04/08,0.849,0.856,0.842,0.850,54991969,46723480.00
2022/04/11,0.851,0.853,0.821,0.830,66622823,55802008.00
2022/04/12,0.825,0.834,0.813,0.834,74980828,61651848.00
2022/04/13,0.829,0.831,0.818,0.822,42309545,34849208.00
2022/04/14,0.823,0.826,0.815,0.816,56952557,46715340.00
2022/04/15,0.813,0.830,0.807,0.825,75781285,62141544.00
2022/04/18,0.823,0.832,0.811,0.828,50435808,41364308.00
2022/04/19,0.823,0.843,0.823,0.839,62894913,52653544.00
2022/04/20,0.839,0.843,0.824,0.827,53658191,44828772.00
2022/04/21,0.830,0.830,0.802,0.804,62947516,51364216.00
2022/04/22,0.795,0.833,0.792,0.829,86913601,70811936.00
2022/04/25,0.812,0.828,0.795,0.796,90075833,73355016.00
2022/04/26,0.793,0.801,0.774,0.775,92128865,72571624.00
2022/04/27,0.761,0.800,0.761,0.800,80492657,62863200.00
2022/04/28,0.794,0.814,0.794,0.805,78881208,63391228.00
2022/04/29,0.826,0.826,0.801,0.821,87403533,71018576.00
2022/05/05,0.820,0.831,0.814,0.826,72132917,59405532.00
2022/05/06,0.807,0.814,0.800,0.801,66267218,53471644.00
2022/05/09,0.801,0.815,0.797,0.812,53918882,43734752.00
2022/05/10,0.801,0.836,0.798,0.834,86067450,70902024.00
2022/05/11,0.834,0.845,0.830,0.832,69547156,58276204.00
2022/05/12,0.839,0.852,0.826,0.835,89690478,75430064.00
2022/05/13,0.835,0.848,0.833,0.846,61596382,51850344.00
2022/05/16,0.840,0.848,0.835,0.840,52379049,43961752.00
2022/05/17,0.835,0.841,0.828,0.836,45143251,37568784.00
2022/05/18,0.830,0.848,0.830,0.841,50573031,42443316.00
2022/05/19,0.828,0.853,0.827,0.851,56608807,47657232.00
2022/05/20,0.853,0.868,0.852,0.863,68218170,58761304.00
2022/05/23,0.865,0.865,0.849,0.856,34326919,29331286.00
2022/05/24,0.858,0.861,0.832,0.836,49082326,41681328.00
2022/05/25,0.831,0.862,0.830,0.862,76085452,64524616.00
2022/05/26,0.864,0.870,0.854,0.865,74149276,64064888.00
2022/05/27,0.859,0.869,0.855,0.862,59136842,50958736.00
2022/05/30,0.860,0.867,0.858,0.867,41488915,35788548.00
2022/05/31,0.869,0.880,0.863,0.878,71730832,62726096.00
2022/06/01,0.875,0.879,0.864,0.876,58327129,50916224.00
2022/06/02,0.876,0.877,0.866,0.875,61921921,53980584.00
2022/06/06,0.875,0.879,0.864,0.878,70645341,61499328.00
2022/06/07,0.878,0.883,0.869,0.873,56526457,49507156.00
2022/06/08,0.873,0.887,0.870,0.886,73224109,64458732.00
2022/06/09,0.886,0.893,0.871,0.873,79862716,70553576.00
2022/06/10,0.862,0.892,0.862,0.892,76629540,67737384.00
2022/06/13,0.885,0.885,0.863,0.873,77952528,68024040.00
2022/06/14,0.867,0.880,0.855,0.879,76801215,66651740.00
2022/06/15,0.878,0.888,0.871,0.876,81701265,71767776.00
2022/06/16,0.872,0.879,0.868,0.871,48955677,42748320.00
2022/06/17,0.864,0.877,0.864,0.876,60705456,52873436.00
2022/06/20,0.876,0.897,0.872,0.893,71451482,63332452.00
2022/06/21,0.900,0.904,0.888,0.898,88136955,79028128.00
2022/06/22,0.900,0.900,0.880,0.882,56603430,50338560.00
2022/06/23,0.883,0.885,0.870,0.885,67028371,58776344.00
2022/06/24,0.884,0.887,0.875,0.883,75640120,66634116.00
2022/06/27,0.886,0.887,0.876,0.882,74540827,65706420.00
2022/06/28,0.883,0.894,0.881,0.894,84835627,75371168.00
2022/06/29,0.890,0.893,0.882,0.884,83312210,73917080.00
2022/06/30,0.884,0.894,0.882,0.889,79687272,70731368.00
2022/07/01,0.887,0.908,0.887,0.901,147218737,132457936.00
2022/07/04,0.903,0.927,0.893,0.924,170385423,156468304.00
2022/07/05,0.924,0.938,0.921,0.931,113472036,105545088.00
2022/07/06,0.930,0.946,0.917,0.925,87811793,81521256.00
2022/07/07,0.925,0.948,0.925,0.941,101512591,95175880.00
2022/07/08,0.944,0.947,0.933,0.945,71187819,66874460.00
2022/07/11,0.945,0.959,0.943,0.952,94480667,89826888.00
2022/07/12,0.945,0.970,0.941,0.958,113249028,108393848.00
2022/07/13,0.953,0.969,0.943,0.969,81474392,78089040.00
2022/07/14,0.969,0.970,0.937,0.943,113396850,107306944.00
2022/07/15,0.942,0.945,0.930,0.931,69748025,65332732.00
2022/07/18,0.931,0.960,0.931,0.960,85620014,81333136.00
2022/07/19,0.958,0.958,0.939,0.945,66053129,62486300.00
2022/07/20,0.945,0.947,0.933,0.945,79845722,74975872.00
2022/07/21,0.941,0.942,0.922,0.923,87299067,81175616.00
2022/07/22,0.920,0.932,0.912,0.921,77677480,71570488.00
2022/07/25,0.920,0.921,0.900,0.903,71143060,64476576.00
2022/07/26,0.900,0.906,0.895,0.905,60294014,54372136.00
2022/07/27,0.902,0.906,0.898,0.904,65151603,58759016.00
2022/07/28,0.906,0.913,0.904,0.905,75876057,68930256.00
2022/07/29,0.905,0.924,0.905,0.911,109695809,100486328.00
2022/08/01,0.905,0.906,0.891,0.903,89303706,80115024.00
2022/08/02,0.900,0.900,0.858,0.870,130847021,114089320.00
2022/08/03,0.863,0.879,0.855,0.857,97706710,84911000.00
2022/08/04,0.858,0.875,0.858,0.875,102999716,89224320.00
2022/08/05,0.875,0.878,0.863,0.876,98215910,85325016.00
2022/08/08,0.876,0.889,0.869,0.888,85183415,75143272.00
2022/08/09,0.881,0.889,0.879,0.885,65956350,58343196.00
2022/08/10,0.885,0.885,0.871,0.875,60524240,53022960.00
2022/08/11,0.875,0.890,0.875,0.890,83209715,73729424.00
2022/08/12,0.889,0.904,0.887,0.899,89240909,80243680.00
2022/08/15,0.898,0.914,0.895,0.912,92387015,83734744.00
2022/08/16,0.915,0.930,0.913,0.923,132758004,122223184.00
2022/08/17,0.923,0.941,0.923,0.937,110285712,102751656.00
2022/08/18,0.937,0.938,0.914,0.917,111923117,103571264.00
2022/08/19,0.920,0.959,0.905,0.955,198624432,186479344.00
2022/08/22,0.960,0.967,0.943,0.948,145409607,138805280.00
2022/08/23,0.941,0.964,0.938,0.959,116085795,110848960.00
2022/08/24,0.960,0.960,0.934,0.938,108407261,102555720.00
2022/08/25,0.940,0.955,0.934,0.949,99883564,94397968.00
2022/08/26,0.945,0.964,0.941,0.950,114198842,108689496.00
2022/08/29,0.935,0.948,0.931,0.946,120136185,112828712.00
2022/08/30,0.943,0.953,0.925,0.930,98522738,92011456.00
2022/08/31,0.929,0.935,0.913,0.917,147259833,135841040.00
2022/09/01,0.914,0.922,0.906,0.906,130960200,120015464.00
2022/09/02,0.907,0.934,0.907,0.915,164219016,151622144.00
2022/09/05,0.915,0.936,0.913,0.935,103356014,96118952.00
2022/09/06,0.932,0.960,0.929,0.960,106270517,100591104.00
2022/09/07,0.955,0.976,0.942,0.973,113172724,108656984.00
2022/09/08,0.973,0.994,0.968,0.977,116288784,114071928.00
2022/09/09,0.972,0.982,0.964,0.974,85154598,82825816.00
2022/09/13,0.970,0.975,0.952,0.953,98071331,93973208.00
2022/09/14,0.946,0.949,0.934,0.941,87256707,82055600.00
2022/09/15,0.945,0.947,0.912,0.927,86837342,80520096.00
2022/09/16,0.921,0.923,0.890,0.893,169747300,153601232.00
2022/09/19,0.887,0.893,0.870,0.883,94694318,83285624.00
2022/09/20,0.885,0.891,0.882,0.886,102860668,91160856.00
2022/09/21,0.880,0.904,0.875,0.901,162163366,145136800.00
2022/09/22,0.894,0.901,0.887,0.896,206499902,185133360.00
2022/09/23,0.896,0.907,0.877,0.881,88885902,79186480.00
2022/09/26,0.878,0.883,0.863,0.866,83334963,72849328.00
2022/09/27,0.866,0.874,0.859,0.873,76566704,66398504.00
2022/09/28,0.872,0.877,0.849,0.850,106880801,91632688.00
2022/09/29,0.856,0.859,0.840,0.845,70823902,60141068.00
2022/09/30,0.845,0.852,0.843,0.844,66179105,56095480.00
2022/10/10,0.843,0.858,0.843,0.848,132048911,112420888.00
2022/10/11,0.848,0.878,0.845,0.878,101277193,87741344.00
2022/10/12,0.875,0.887,0.861,0.887,122298100,106715648.00
2022/10/13,0.879,0.904,0.879,0.901,95657411,85453192.00
2022/10/14,0.904,0.910,0.896,0.910,85179614,77083392.00
2022/10/17,0.909,0.909,0.884,0.901,76575005,68625800.00
2022/10/18,0.898,0.910,0.898,0.900,273119017,246560704.00
2022/10/19,0.896,0.903,0.880,0.888,129871812,116110736.00
2022/10/20,0.888,0.890,0.875,0.876,84122500,74217296.00
2022/10/21,0.875,0.902,0.875,0.895,91187681,81580056.00
2022/10/24,0.896,0.898,0.871,0.877,151830270,134204080.00
2022/10/25,0.877,0.887,0.872,0.880,139944407,123294616.00
2022/10/26,0.880,0.893,0.877,0.887,73436103,65145272.00
2022/10/27,0.887,0.888,0.861,0.864,190735619,165615744.00
2022/10/28,0.855,0.869,0.828,0.833,108520811,91628120.00
2022/10/31,0.830,0.836,0.821,0.829,59776303,49622628.00
2022/11/01,0.831,0.841,0.825,0.841,74190001,61752608.00
2022/11/02,0.835,0.840,0.828,0.840,158361335,131897064.00
2022/11/03,0.833,0.840,0.831,0.835,70265904,58662180.00
2022/11/04,0.834,0.857,0.834,0.854,149795303,127116128.00
2022/11/07,0.853,0.857,0.846,0.857,90186302,76854120.00
2022/11/08,0.857,0.857,0.845,0.849,107191618,91091296.00
2022/11/09,0.848,0.854,0.846,0.849,78557200,66812688.00
2022/11/10,0.846,0.856,0.845,0.848,60432403,51353716.00
2022/11/11,0.857,0.863,0.850,0.857,124697000,106669896.00
2022/11/14,0.858,0.860,0.845,0.847,142069338,121056848.00
2022/11/15,0.846,0.861,0.845,0.861,102654119,87529728.00
2022/11/16,0.862,0.883,0.862,0.868,146394938,127623592.00
2022/11/17,0.865,0.865,0.853,0.862,88112738,75560352.00
2022/11/18,0.863,0.868,0.856,0.865,124242237,107205160.00
2022/11/21,0.860,0.872,0.855,0.871,73445630,63631100.00
2022/11/22,0.871,0.881,0.863,0.870,92564705,80532256.00
2022/11/23,0.870,0.887,0.869,0.886,158309843,139486416.00
2022/11/24,0.888,0.894,0.884,0.884,88222316,78388488.00
2022/11/25,0.883,0.893,0.882,0.891,98705006,87746016.00
2022/11/28,0.885,0.902,0.874,0.902,96191406,85747792.00
2022/11/29,0.902,0.903,0.891,0.895,122261336,109328544.00
2022/11/30,0.894,0.901,0.888,0.892,77119605,68933936.00
2022/12/01,0.899,0.899,0.888,0.891,71264702,63506240.00
2022/12/02,0.886,0.893,0.884,0.890,68531307,60903972.00
2022/12/05,0.892,0.903,0.889,0.900,147165737,131969992.00
2022/12/06,0.897,0.900,0.885,0.889,105047218,93597272.00
2022/12/07,0.885,0.888,0.877,0.880,75182523,66224064.00
2022/12/08,0.878,0.880,0.869,0.873,86772616,75852296.00
2022/12/09,0.871,0.875,0.863,0.865,73639567,63786384.00
2022/12/12,0.867,0.867,0.849,0.853,96861241,82774792.00
2022/12/13,0.850,0.856,0.849,0.853,99403620,84779592.00
2022/12/14,0.853,0.854,0.845,0.847,89487384,76023976.00
2022/12/15,0.847,0.852,0.843,0.852,70396210,59645044.00
2022/12/16,0.850,0.858,0.847,0.852,97879413,83400832.00
2022/12/19,0.852,0.854,0.831,0.833,96418908,81064560.00
2022/12/20,0.833,0.838,0.828,0.837,64711325,53989628.00
2022/12/21,0.837,0.840,0.827,0.829,79212620,65810120.00
2022/12/22,0.833,0.834,0.815,0.816,71274500,58736424.00
2022/12/23,0.813,0.822,0.813,0.818,80266612,65632252.00
2022/12/26,0.820,0.836,0.817,0.834,112964400,93485560.00
2022/12/27,0.836,0.837,0.830,0.835,128304652,106824488.00
2022/12/28,0.832,0.861,0.831,0.859,170090107,144919216.00
2022/12/29,0.852,0.856,0.849,0.854,87264303,74402072.00
2022/12/30,0.854,0.868,0.853,0.863,87123009,74987784.00
2023/01/03,0.863,0.886,0.861,0.884,143448807,125745360.00
2023/01/04,0.880,0.886,0.876,0.882,90762704,79887080.00
2023/01/05,0.883,0.890,0.882,0.884,101082227,89584824.00
2023/01/06,0.883,0.898,0.882,0.888,125827427,112294888.00
2023/01/09,0.888,0.892,0.877,0.879,143813549,126689896.00
2023/01/10,0.879,0.882,0.872,0.873,57742435,50537148.00
2023/01/11,0.875,0.875,0.865,0.869,122753009,106759872.00
2023/01/12,0.866,0.872,0.865,0.868,71280804,61876960.00
2023/01/13,0.869,0.870,0.860,0.867,68881909,59501028.00
2023/01/16,0.868,0.871,0.862,0.868,127968408,111081496.00
2023/01/17,0.868,0.868,0.858,0.861,135764316,117005848.00
2023/01/18,0.861,0.865,0.861,0.864,98578509,85134952.00
2023/01/19,0.863,0.863,0.855,0.861,109597501,94008088.00
2023/01/20,0.862,0.874,0.859,0.874,167701417,145762016.00
2023/01/30,0.880,0.881,0.870,0.870,149058404,130163072.00
2023/01/31,0.869,0.876,0.866,0.875,182862605,159195376.00
2023/02/01,0.874,0.877,0.866,0.876,238790611,208329856.00
2023/02/02,0.875,0.880,0.871,0.876,164723671,144292848.00
2023/02/03,0.873,0.874,0.865,0.871,307258502,267466528.00
2023/02/06,0.866,0.877,0.865,0.871,120492345,105071456.00
2023/02/07,0.871,0.880,0.871,0.880,151870083,133252872.00
2023/02/08,0.881,0.883,0.876,0.877,117640071,103400888.00
2023/02/09,0.875,0.881,0.875,0.881,110593151,97075864.00
2023/02/10,0.881,0.892,0.877,0.889,153853573,135845344.00
2023/02/13,0.891,0.900,0.884,0.890,169570216,150930256.00
2023/02/14,0.891,0.896,0.885,0.891,101070635,90011096.00
2023/02/15,0.891,0.891,0.882,0.883,109527227,96986432.00
2023/02/16,0.883,0.889,0.867,0.872,173162684,152674096.00
2023/02/17,0.870,0.874,0.865,0.865,89412059,77869848.00
2023/02/20,0.865,0.876,0.862,0.876,125062836,108665288.00
2023/02/21,0.876,0.881,0.872,0.878,74347626,65198924.00
2023/02/22,0.874,0.882,0.872,0.876,68554108,60215016.00
2023/02/23,0.876,0.876,0.868,0.872,179396472,156101728.00
2023/02/24,0.874,0.874,0.865,0.871,58552943,50896892.00
2023/02/27,0.870,0.871,0.863,0.867,65519452,56810208.00
2023/02/28,0.868,0.879,0.867,0.879,98391321,85776424.00
2023/03/01,0.879,0.886,0.876,0.886,130147367,114795352.00
2023/03/02,0.887,0.892,0.881,0.886,129077505,114546736.00
2023/03/03,0.887,0.901,0.884,0.898,122386222,109373448.00
2023/03/06,0.900,0.906,0.896,0.903,106422126,95835312.00
2023/03/07,0.903,0.911,0.893,0.893,167600209,151637808.00
2023/03/08,0.892,0.895,0.886,0.889,60672713,54036220.00
2023/03/09,0.889,0.894,0.885,0.889,64197902,57051784.00
2023/03/10,0.887,0.887,0.876,0.876,74266610,65376876.00
2023/03/13,0.875,0.886,0.875,0.883,132441014,116810168.00
2023/03/14,0.881,0.896,0.880,0.890,97747219,86879672.00
2023/03/15,0.890,0.904,0.884,0.902,113554728,101826064.00
2023/03/16,0.897,0.903,0.889,0.894,137937211,123838448.00
2023/03/17,0.898,0.905,0.894,0.897,147069710,132434352.00
2023/03/20,0.898,0.903,0.882,0.882,142995116,127499616.00
2023/03/21,0.887,0.889,0.882,0.884,98087710,86732512.00
2023/03/22,0.884,0.890,0.881,0.885,134911213,119248656.00
2023/03/23,0.884,0.887,0.877,0.887,98121251,86499152.00
2023/03/24,0.886,0.888,0.879,0.879,89768311,79133368.00
2023/03/27,0.880,0.881,0.863,0.867,154428010,133938520.00
2023/03/28,0.866,0.868,0.862,0.864,95148724,82287624.00
2023/03/29,0.866,0.868,0.859,0.861,163399588,140896576.00
2023/03/30,0.862,0.868,0.858,0.868,93710516,80980504.00
2023/03/31,0.869,0.872,0.867,0.869,80863844,70293472.00
2023/04/03,0.867,0.869,0.862,0.863,230024611,199103648.00
2023/04/04,0.865,0.870,0.862,0.869,251212929,217656464.00
2023/04/06,0.869,0.869,0.863,0.865,111497009,96416912.00
2023/04/07,0.867,0.870,0.866,0.869,123429278,107176288.00
2023/04/10,0.871,0.891,0.871,0.891,185133656,163509984.00
2023/04/11,0.890,0.890,0.882,0.886,134267100,118739272.00
2023/04/12,0.885,0.890,0.883,0.886,82781951,73304352.00
2023/04/13,0.890,0.896,0.884,0.891,252309162,224238240.00
2023/04/14,0.891,0.903,0.889,0.901,246507052,221580960.00
2023/04/17,0.903,0.913,0.902,0.911,156220229,141951360.00
2023/04/18,0.910,0.911,0.899,0.904,253078354,228320480.00
2023/04/19,0.900,0.910,0.898,0.899,120459207,108906416.00
2023/04/20,0.901,0.903,0.890,0.899,127233906,113648072.00
2023/04/21,0.895,0.901,0.887,0.887,84938271,76010544.00
2023/04/24,0.888,0.899,0.885,0.892,132277466,118005448.00
2023/04/25,0.893,0.901,0.880,0.891,115796631,103116360.00
2023/04/26,0.891,0.910,0.891,0.908,234061193,211640352.00
2023/04/27,0.907,0.913,0.894,0.911,304314056,275147648.00
2023/04/28,0.909,0.915,0.900,0.911,659724602,599526208.00
2023/05/04,0.908,0.939,0.906,0.937,191091125,177627888.00
2023/05/05,0.935,0.944,0.925,0.934,185380448,172765536.00
2023/05/08,0.935,0.955,0.931,0.944,335848927,317701024.00
2023/05/09,0.944,0.948,0.932,0.934,185863196,174858720.00
2023/05/10,0.933,0.942,0.923,0.925,140786421,131210392.00
2023/05/11,0.924,0.954,0.922,0.942,175141513,164734784.00
2023/05/12,0.942,0.966,0.935,0.952,179006052,170639600.00
2023/05/15,0.958,0.961,0.935,0.944,315325151,297533792.00
2023/05/16,0.944,0.951,0.933,0.942,177571016,167519440.00
2023/05/17,0.939,0.952,0.934,0.948,165396110,155985584.00
2023/05/18,0.945,0.956,0.937,0.942,245384635,231773104.00
2023/05/19,0.939,0.940,0.928,0.929,131568906,122885496.00
2023/05/22,0.930,0.961,0.930,0.959,272858758,260129584.00
2023/05/23,0.955,0.958,0.936,0.936,220061322,207564160.00
2023/05/24,0.935,0.940,0.925,0.926,188414301,175443440.00
2023/05/25,0.926,0.940,0.923,0.939,160265707,149704832.00
2023/05/26,0.940,0.952,0.939,0.945,189344239,178846096.00
2023/05/29,0.944,0.977,0.941,0.975,223780670,216467296.00
2023/05/30,0.974,0.975,0.959,0.969,211022762,204045392.00
2023/05/31,0.969,0.970,0.953,0.962,294216969,282096672.00
2023/06/01,0.962,0.964,0.944,0.945,267154410,253828256.00
2023/06/02,0.947,0.955,0.943,0.946,185249411,175505216.00
2023/06/05,0.946,0.955,0.940,0.945,549611823,519960640.00
2023/06/06,0.946,0.948,0.919,0.922,268737507,249700560.00
2023/06/07,0.920,0.925,0.915,0.919,172641568,158835328.00
2023/06/08,0.917,0.929,0.912,0.928,209125733,192857328.00
2023/06/09,0.928,0.945,0.924,0.945,165643737,155183232.00
2023/06/12,0.942,0.948,0.926,0.928,169608490,158283696.00
2023/06/13,0.928,0.931,0.918,0.921,199649016,184117488.00
2023/06/14,0.924,0.924,0.909,0.910,273674910,250122656.00
2023/06/15,0.910,0.919,0.906,0.919,336070755,306393856.00
2023/06/16,0.917,0.917,0.907,0.911,329024610,299817952.00
2023/06/19,0.911,0.921,0.905,0.919,362159974,331012832.00
2023/06/20,0.920,0.920,0.910,0.915,197843992,181083920.00
2023/06/21,0.915,0.930,0.913,0.918,333216473,307566592.00
2023/06/26,0.918,0.942,0.915,0.942,423709063,395294176.00
2023/06/27,0.943,0.943,0.920,0.937,355250809,330387136.00
2023/06/28,0.931,0.953,0.931,0.951,574732417,543953792.00
2023/06/29,0.947,0.949,0.937,0.944,422215381,398683872.00
2023/06/30,0.944,0.949,0.935,0.940,208205338,195513664.00
2023/07/03,0.941,0.951,0.937,0.948,170306049,160812208.00
2023/07/04,0.948,0.948,0.934,0.941,184953509,173661664.00
2023/07/05,0.940,0.947,0.936,0.938,124306802,116794392.00
2023/07/06,0.940,0.942,0.934,0.936,219176616,205452928.00
2023/07/07,0.936,0.946,0.934,0.944,167785352,158169200.00
2023/07/10,0.952,0.960,0.942,0.951,327643414,310971232.00
2023/07/11,0.950,0.950,0.936,0.945,201016913,189390400.00
2023/07/12,0.943,0.950,0.940,0.944,209036766,197475776.00
2023/07/13,0.944,0.949,0.940,0.948,119436866,112958512.00
2023/07/14,0.945,0.947,0.936,0.937,451730417,423773952.00
2023/07/17,0.940,0.943,0.935,0.938,269014802,252079904.00
2023/07/18,0.938,0.939,0.928,0.930,134640120,125327040.00
2023/07/19,0.932,0.934,0.924,0.930,101389827,94135064.00
2023/07/20,0.930,0.932,0.919,0.920,115815612,107114520.00
2023/07/21,0.922,0.925,0.918,0.921,113463179,104589088.00
2023/07/24,0.920,0.928,0.915,0.926,142964805,132086152.00
2023/07/25,0.929,0.931,0.912,0.920,222798803,204501984.00
2023/07/26,0.918,0.919,0.912,0.919,205000803,187429760.00
2023/07/27,0.917,0.924,0.913,0.915,137593502,126255480.00
2023/07/28,0.913,0.919,0.908,0.918,165092508,150902688.00
2023/07/31,0.920,0.925,0.918,0.925,268179017,247162640.00
2023/08/01,0.926,0.938,0.924,0.937,222645527,207419504.00
2023/08/02,0.938,0.938,0.928,0.929,105964301,98631688.00
2023/08/03,0.929,0.937,0.926,0.935,104749434,97785320.00
2023/08/04,0.938,0.942,0.931,0.931,131081612,122474368.00
2023/08/07,0.932,0.937,0.926,0.936,105589807,98490256.00
2023/08/08,0.935,0.942,0.930,0.933,146130411,136424208.00
2023/08/09,0.932,0.933,0.920,0.922,151963938,140198096.00
2023/08/10,0.924,0.927,0.921,0.925,89282211,82524888.00
2023/08/11,0.928,0.928,0.909,0.909,86540807,79240656.00
2023/08/14,0.908,0.919,0.901,0.918,103889209,94665072.00
2023/08/15,0.913,0.929,0.913,0.922,109932205,101444360.00
2023/08/16,0.920,0.921,0.914,0.914,50476430,46271112.00
2023/08/17,0.912,0.917,0.906,0.915,68919800,62727968.00
2023/08/18,0.915,0.921,0.912,0.912,79752217,73060680.00
2023/08/21,0.912,0.913,0.900,0.900,107010905,97067008.00
2023/08/22,0.901,0.907,0.889,0.899,120830277,108355000.00
2023/08/23,0.897,0.899,0.886,0.887,67807501,60641480.00
2023/08/24,0.888,0.891,0.876,0.879,85010607,74891608.00
2023/08/25,0.876,0.893,0.874,0.883,106927648,94819304.00
2023/08/28,0.912,0.917,0.881,0.889,112228530,100464544.00
2023/08/29,0.887,0.891,0.882,0.888,117731704,104449776.00
2023/08/30,0.889,0.893,0.877,0.880,146482014,129206704.00
2023/08/31,0.879,0.885,0.878,0.882,61091106,53819988.00
2023/09/01,0.882,0.883,0.876,0.882,97915506,86097720.00
2023/09/04,0.882,0.884,0.873,0.883,221142128,194753904.00
2023/09/05,0.882,0.893,0.880,0.892,122774423,108977944.00
2023/09/06,0.887,0.890,0.885,0.887,68690505,60930660.00
2023/09/07,0.888,0.888,0.875,0.875,87903506,77177616.00
2023/09/08,0.872,0.889,0.871,0.886,114395904,100725664.00
2023/09/11,0.886,0.892,0.883,0.891,89669317,79710048.00
2023/09/12,0.891,0.898,0.889,0.893,58228325,52041568.00
2023/09/13,0.895,0.898,0.888,0.894,73936905,65979268.00
2023/09/14,0.893,0.905,0.893,0.902,87519846,78877944.00
2023/09/15,0.902,0.904,0.888,0.893,96770710,86626312.00
2023/09/18,0.892,0.892,0.882,0.889,58503300,51822272.00
2023/09/19,0.889,0.891,0.884,0.890,51687402,45914308.00
2023/09/20,0.887,0.889,0.880,0.880,74789450,66069084.00
2023/09/21,0.880,0.886,0.875,0.877,94251196,82807832.00
2023/09/22,0.876,0.880,0.872,0.880,60710046,53190060.00
2023/09/25,0.878,0.880,0.874,0.875,47291700,41478304.00
2023/09/26,0.877,0.878,0.870,0.875,49543219,43279980.00
2023/09/27,0.872,0.879,0.872,0.872,156721382,137031328.00
2023/09/28,0.874,0.876,0.870,0.871,44640887,38940236.00
2023/10/09,0.872,0.880,0.869,0.879,179630709,157536832.00
2023/10/10,0.879,0.879,0.871,0.871,42494703,37115136.00
2023/10/11,0.873,0.876,0.865,0.867,63425430,55145380.00
2023/10/12,0.869,0.875,0.869,0.874,37959931,33127438.00
2023/10/13,0.875,0.879,0.868,0.870,27205407,23702146.00
2023/10/16,0.870,0.875,0.866,0.871,36979338,32128432.00
2023/10/17,0.873,0.881,0.871,0.878,42965563,37636436.00
2023/10/18,0.875,0.877,0.863,0.865,51122007,44349968.00
2023/10/19,0.862,0.862,0.850,0.852,53971200,46119952.00
2023/10/20,0.850,0.859,0.846,0.854,102607713,87583480.00
2023/10/23,0.853,0.853,0.829,0.831,121715612,101881064.00
2023/10/24,0.835,0.844,0.828,0.842,48113931,40309220.00
2023/10/25,0.847,0.849,0.837,0.840,39271622,33055742.00
2023/10/26,0.837,0.859,0.835,0.856,81330606,69238184.00
2023/10/27,0.853,0.867,0.853,0.863,50368634,43483328.00
2023/10/30,0.863,0.870,0.860,0.866,88973404,76873176.00
2023/10/31,0.863,0.867,0.860,0.865,138483403,119496944.00
2023/11/01,0.866,0.869,0.862,0.869,50885623,44033364.00
2023/11/02,0.868,0.870,0.860,0.864,117494509,101811744.00
2023/11/03,0.864,0.875,0.863,0.865,65076017,56547468.00
2023/11/06,0.867,0.870,0.858,0.861,177402086,152553184.00
2023/11/07,0.860,0.861,0.855,0.858,55625015,47673368.00
2023/11/08,0.860,0.860,0.852,0.856,48434774,41464164.00
2023/11/09,0.855,0.864,0.853,0.861,58415259,50268220.00
2023/11/10,0.860,0.866,0.849,0.865,75642205,65049936.00
2023/11/13,0.866,0.873,0.856,0.865,52714204,45489676.00
2023/11/14,0.864,0.871,0.862,0.865,54478400,47184604.00
2023/11/15,0.868,0.870,0.862,0.868,171672501,149020192.00
2023/11/16,0.867,0.869,0.863,0.865,37762011,32712938.00
2023/11/17,0.863,0.867,0.862,0.866,30995816,26812058.00
2023/11/20,0.866,0.872,0.864,0.867,177080511,153418128.00
2023/11/21,0.865,0.869,0.863,0.863,34163002,29575586.00
2023/11/22,0.863,0.866,0.858,0.858,36242193,31230966.00
2023/11/23,0.857,0.862,0.857,0.861,31447495,27023728.00
2023/11/24,0.861,0.863,0.856,0.857,73527403,63115844.00
2023/11/27,0.858,0.860,0.851,0.857,43617311,37296432.00
2023/11/28,0.858,0.861,0.852,0.861,159854746,137324880.00
2023/11/29,0.859,0.862,0.853,0.855,30101202,25787184.00
2023/11/30,0.855,0.865,0.854,0.865,49039517,42230908.00
2023/12/01,0.865,0.868,0.859,0.868,51268599,44348396.00
2023/12/04,0.869,0.870,0.863,0.864,49967509,43264732.00
2023/12/05,0.865,0.872,0.857,0.857,59078873,51202768.00
2023/12/06,0.856,0.858,0.848,0.854,52281629,44653956.00
2023/12/07,0.854,0.861,0.853,0.859,55794100,47797496.00
2023/12/08,0.859,0.869,0.855,0.866,101386804,87803864.00
2023/12/11,0.860,0.875,0.852,0.875,63654000,54822600.00
2023/12/12,0.872,0.877,0.868,0.877,43397705,37921824.00
2023/12/13,0.876,0.881,0.874,0.877,55003300,48307200.00
2023/12/14,0.878,0.880,0.871,0.877,61059663,53471812.00
2023/12/15,0.877,0.880,0.865,0.865,62794912,54674416.00
2023/12/18,0.866,0.870,0.860,0.865,78205901,67710872.00
2023/12/19,0.863,0.864,0.854,0.859,62404105,53534176.00
2023/12/20,0.859,0.872,0.859,0.861,47314505,41007924.00
2023/12/21,0.858,0.863,0.852,0.862,58868858,50421548.00
2023/12/22,0.859,0.866,0.857,0.860,47125601,40623436.00
2023/12/25,0.861,0.867,0.856,0.866,69259500,59640008.00
2023/12/26,0.861,0.870,0.861,0.862,43475504,37648296.00
2023/12/27,0.866,0.872,0.860,0.872,176819104,153522848.00
2023/12/28,0.870,0.874,0.863,0.869,109812430,95311296.00
2023/12/29,0.867,0.869,0.865,0.868,65437800,56758256.00
2024/01/02,0.869,0.888,0.867,0.885,142531001,125856184.00
2024/01/03,0.882,0.898,0.882,0.898,162385208,144845024.00
2024/01/04,0.898,0.901,0.888,0.900,114061655,102034624.00
2024/01/05,0.899,0.905,0.890,0.894,105739609,94960480.00
2024/01/08,0.894,0.895,0.883,0.885,68009302,60322948.00
2024/01/09,0.887,0.891,0.879,0.891,167351179,148225360.00
2024/01/10,0.889,0.889,0.879,0.885,61236200,54156976.00
2024/01/11,0.883,0.885,0.878,0.880,51292011,45180080.00
2024/01/12,0.879,0.893,0.877,0.893,106455400,94655664.00
2024/01/15,0.891,0.896,0.887,0.892,51187000,45613112.00
2024/01/16,0.890,0.890,0.878,0.885,72897701,64459636.00
2024/01/17,0.886,0.889,0.874,0.876,50654500,44750536.00
2024/01/18,0.875,0.876,0.843,0.866,106113902,90972168.00
2024/01/19,0.862,0.869,0.857,0.860,61990621,53441880.00
2024/01/22,0.860,0.860,0.830,0.836,87643608,74236440.00
2024/01/23,0.836,0.847,0.822,0.842,101226813,84610464.00
2024/01/24,0.845,0.865,0.843,0.865,62981611,53679104.00
2024/01/25,0.863,0.891,0.860,0.887,69092416,60806376.00
2024/01/26,0.887,0.897,0.885,0.897,58501901,52158192.00
2024/01/29,0.897,0.912,0.895,0.899,87849868,79535992.00
2024/01/30,0.896,0.905,0.891,0.895,46824906,42104540.00
2024/01/31,0.890,0.903,0.887,0.892,192294535,172320208.00
2024/02/01,0.887,0.892,0.875,0.880,76388358,67555744.00
2024/02/02,0.878,0.892,0.859,0.872,88323156,77696960.00
2024/02/05,0.870,0.880,0.852,0.865,186898921,162059088.00
2024/02/06,0.866,0.892,0.862,0.889,62194903,54538456.00
2024/02/07,0.892,0.896,0.877,0.896,122052989,108315552.00
2024/02/08,0.895,0.905,0.891,0.904,73051239,65710788.00
2024/02/19,0.901,0.925,0.900,0.924,91007011,83232880.00
2024/02/20,0.923,0.936,0.916,0.927,74873409,69515776.00
2024/02/21,0.927,0.931,0.921,0.921,76892401,71283496.00
2024/02/22,0.921,0.933,0.918,0.933,55514487,51458232.00
2024/02/23,0.931,0.939,0.928,0.935,50036367,46708468.00
2024/02/26,0.930,0.934,0.911,0.912,156144346,143415328.00
2024/02/27,0.910,0.919,0.908,0.918,67837032,62034712.00
2024/02/28,0.915,0.933,0.915,0.922,172419305,159212256.00
2024/02/29,0.919,0.931,0.914,0.931,85802002,79056144.00
2024/03/01,0.927,0.934,0.920,0.924,68560843,63411232.00
2024/03/04,0.921,0.945,0.919,0.944,167731144,157096416.00
2024/03/05,0.942,0.953,0.938,0.951,155869630,147715616.00
2024/03/06,0.950,0.963,0.947,0.955,105581158,101086400.00
2024/03/07,0.955,0.967,0.952,0.960,120017039,115298880.00
2024/03/08,0.965,0.975,0.957,0.975,115388691,111694088.00
2024/03/11,0.981,0.987,0.964,0.974,108127034,105195960.00
2024/03/12,0.972,0.972,0.937,0.944,187593906,177898208.00
2024/03/13,0.937,0.950,0.937,0.948,146763006,138585728.00
2024/03/14,0.946,0.951,0.943,0.949,69315009,65646368.00
2024/03/15,0.946,0.960,0.943,0.956,92776834,88540072.00
2024/03/18,0.957,0.970,0.953,0.961,84397938,81039392.00
2024/03/19,0.962,0.965,0.950,0.951,92649701,88495256.00
2024/03/20,0.950,0.961,0.943,0.956,74017417,70526776.00
2024/03/21,0.955,0.956,0.949,0.954,61266400,58286432.00
2024/03/22,0.953,0.956,0.943,0.949,74439701,70557856.00
2024/03/25,0.944,0.959,0.943,0.951,77158306,73589880.00
2024/03/26,0.948,0.960,0.945,0.960,93882275,89465416.00
2024/03/27,0.960,0.964,0.953,0.954,104044689,99660696.00
2024/03/28,0.948,0.961,0.941,0.960,158879559,151473632.00
2024/03/29,0.956,0.974,0.954,0.971,154248768,149281984.00
2024/04/01,0.972,0.977,0.964,0.968,118576705,114828392.00
2024/04/02,0.965,0.977,0.963,0.972,90190809,87629368.00
2024/04/03,0.972,0.972,0.960,0.971,118164003,114173224.00
2024/04/08,0.972,1.000,0.968,0.998,187502263,185738944.00
2024/04/09,0.997,0.999,0.986,0.995,146750534,145596160.00
2024/04/10,0.992,1.005,0.989,0.999,174340842,174240944.00
2024/04/11,0.998,1.013,0.988,1.008,170566161,171458672.00
2024/04/12,1.008,1.009,0.996,1.000,129500652,129872640.00
2024/04/15,1.000,1.016,0.992,1.014,117190254,118027096.00
2024/04/16,1.008,1.016,0.994,0.998,134463446,135137056.00
2024/04/17,0.995,1.016,0.990,1.016,112811447,113053944.00
2024/04/18,1.014,1.021,0.993,0.999,194153220,194933280.00
2024/04/19,0.991,1.002,0.985,0.991,194610417,193228000.00
2024/04/22,0.992,1.003,0.980,0.986,139707001,138298448.00
2024/04/23,0.985,0.985,0.965,0.967,185923325,180695568.00
2024/04/24,0.972,0.988,0.972,0.984,136852636,134248592.00
2024/04/25,0.983,0.983,0.975,0.981,63616944,62271756.00
2024/04/26,0.980,0.984,0.974,0.981,101885609,99646176.00
2024/04/29,0.978,0.982,0.965,0.981,145158364,141357616.00
2024/04/30,0.978,0.989,0.974,0.987,154523302,152129984.00
2024/05/06,0.990,1.000,0.979,1.000,238463523,236732848.00
2024/05/07,0.999,0.999,0.982,0.985,214249208,211539488.00
2024/05/08,0.985,0.993,0.981,0.983,86853910,85572896.00
2024/05/09,0.981,0.987,0.978,0.987,120304606,118239056.00
2024/05/10,0.987,1.002,0.986,1.001,240689274,239482064.00
2024/05/13,1.004,1.020,0.995,1.016,311592330,314491616.00
2024/05/14,1.012,1.017,1.001,1.015,188097067,190353584.00
2024/05/15,1.014,1.020,0.993,0.996,206560801,207090272.00
2024/05/16,0.996,0.998,0.983,0.986,151568402,149909440.00
2024/05/17,0.985,0.992,0.983,0.988,114305336,112842320.00
2024/05/20,0.987,1.003,0.985,1.002,205393209,204889408.00
2024/05/21,1.000,1.003,0.994,0.998,79640802,79438688.00
2024/05/22,0.998,1.009,0.996,0.998,116304608,116400232.00
2024/05/23,0.997,0.997,0.984,0.989,123882732,122688144.00
2024/05/24,0.986,1.017,0.986,1.007,376870084,380259776.00
2024/05/27,1.010,1.029,1.006,1.025,313237709,319690144.00
2024/05/28,1.023,1.045,1.020,1.038,235140079,242953632.00
2024/05/29,1.036,1.041,1.021,1.038,221357130,228505408.00
2024/05/30,1.035,1.042,1.017,1.023,187858928,193172096.00
2024/05/31,1.022,1.031,1.015,1.022,98448937,100672192.00
2024/06/03,1.020,1.031,1.016,1.027,123444220,126349176.00
2024/06/04,1.025,1.042,1.020,1.041,157884051,163028336.00
2024/06/05,1.037,1.047,1.033,1.034,139297126,144803344.00
2024/06/06,1.035,1.054,1.033,1.040,160506908,167392592.00
2024/06/07,1.040,1.059,1.037,1.058,128839632,134875408.00
2024/06/11,1.059,1.061,1.036,1.049,153350774,160541344.00
2024/06/12,1.044,1.057,1.038,1.055,138173112,145089696.00
2024/06/13,1.055,1.067,1.050,1.058,131459089,139163600.00
2024/06/14,1.056,1.062,1.034,1.039,192897056,201863376.00
2024/06/17,1.038,1.045,1.025,1.028,146002234,150875024.00
2024/06/18,1.027,1.030,1.015,1.030,216689559,221660240.00
2024/06/19,1.028,1.032,1.022,1.026,108467603,111324848.00
2024/06/20,1.023,1.029,1.018,1.024,115747903,118544864.00
2024/06/21,1.024,1.034,1.018,1.026,163211600,167551984.00
2024/06/24,1.021,1.035,1.021,1.028,118457143,121878008.00
2024/06/25,1.026,1.030,1.014,1.021,101193707,103373536.00
2024/06/26,1.021,1.027,1.007,1.025,101015502,102586744.00
2024/06/27,1.020,1.031,1.016,1.019,82011637,83767544.00
2024/06/28,1.019,1.047,1.011,1.044,166126416,171288240.00
2024/07/01,1.045,1.067,1.040,1.065,134560352,142280992.00
2024/07/02,1.065,1.069,1.055,1.069,109953977,116930408.00
2024/07/03,1.066,1.073,1.057,1.063,205910353,218626784.00
2024/07/04,1.062,1.071,1.055,1.059,105278224,111841128.00
2024/07/05,1.056,1.060,1.039,1.053,105192551,110266912.00
2024/07/08,1.051,1.074,1.049,1.069,117966007,125380816.00
2024/07/09,1.066,1.081,1.060,1.081,115316360,123353256.00
2024/07/10,1.079,1.079,1.049,1.056,226593829,239371408.00
2024/07/11,1.059,1.062,1.043,1.062,167011616,175613440.00
2024/07/12,1.056,1.067,1.047,1.049,135162309,142551696.00
2024/07/15,1.045,1.055,1.034,1.055,98297463,102922056.00
2024/07/16,1.053,1.061,1.048,1.059,64117106,67653104.00
2024/07/17,1.058,1.059,1.036,1.040,105490502,110236736.00
2024/07/18,1.037,1.057,1.030,1.057,99431740,103971280.00
2024/07/19,1.056,1.061,1.049,1.061,89517255,94556344.00
2024/07/22,1.062,1.062,1.037,1.047,80940414,84649064.00
2024/07/23,1.045,1.051,1.041,1.043,79399800,83046152.00
2024/07/24,1.039,1.067,1.039,1.062,140640715,148845680.00
2024/07/25,1.061,1.063,1.045,1.058,82180618,86603624.00
2024/07/26,1.057,1.058,1.044,1.051,97161005,101832928.00
2024/07/29,1.049,1.057,1.045,1.055,73553082,77444792.00
2024/07/30,1.053,1.057,1.036,1.039,68783205,71757560.00
2024/07/31,1.036,1.037,1.018,1.029,125572616,128716352.00
2024/08/01,1.027,1.040,1.025,1.030,81077113,83846456.00
2024/08/02,1.032,1.034,1.020,1.023,84135919,86207048.00
2024/08/05,1.020,1.020,1.004,1.005,120369211,121872304.00
2024/08/06,1.004,1.015,0.995,1.007,104810212,105358864.00
2024/08/07,1.010,1.028,1.007,1.018,116662708,118888544.00
2024/08/08,1.015,1.019,1.008,1.013,72588105,73593320.00
2024/08/09,1.013,1.015,1.006,1.007,69181302,69784408.00
2024/08/12,1.012,1.017,1.001,1.005,53737608,54237964.00
2024/08/13,1.002,1.009,1.000,1.006,58073012,58265616.00
2024/08/14,1.005,1.025,1.001,1.016,84381725,85695056.00
2024/08/15,1.016,1.030,1.011,1.029,158036222,161588320.00
2024/08/16,1.028,1.028,1.012,1.018,77378577,78779344.00
2024/08/19,1.018,1.026,1.015,1.021,52714300,53801732.00
2024/08/20,1.023,1.025,1.003,1.010,66615204,67280072.00
2024/08/21,1.009,1.009,0.998,1.003,54864203,54988656.00
2024/08/22,1.002,1.015,1.000,1.014,67927300,68521648.00
2024/08/23,1.012,1.012,0.996,1.003,79410100,79498744.00
2024/08/26,0.999,1.002,0.991,0.999,62006394,61754928.00
2024/08/27,0.995,0.998,0.989,0.994,70525900,69995288.00
2024/08/28,0.993,1.007,0.991,1.001,71781360,71922248.00
2024/08/29,1.000,1.000,0.985,0.988,64543318,63862164.00
2024/08/30,0.987,0.992,0.975,0.988,103421191,101931432.00
2024/09/02,0.985,0.993,0.978,0.984,126096700,124609280.00
2024/09/03,0.982,0.992,0.964,0.967,86534083,84290592.00
2024/09/04,0.963,0.968,0.956,0.961,106685603,102572168.00
2024/09/05,0.960,0.965,0.953,0.957,89801501,86006032.00
2024/09/06,0.956,0.966,0.948,0.951,61936300,59460072.00
2024/09/09,0.948,0.950,0.936,0.941,68749100,64832992.00
2024/09/10,0.942,0.946,0.925,0.938,88708737,82837328.00
2024/09/11,0.934,0.935,0.905,0.910,96255809,87980672.00
2024/09/12,0.909,0.919,0.908,0.913,68394700,62529788.00
2024/09/13,0.915,0.922,0.911,0.915,48817600,44763028.00
2024/09/18,0.914,0.920,0.906,0.916,55618502,50789076.00
2024/09/19,0.917,0.923,0.906,0.923,96592100,88440192.00
2024/09/20,0.918,0.923,0.911,0.921,66687400,61164120.00
2024/09/23,0.919,0.939,0.918,0.935,77940307,72687120.00
2024/09/24,0.938,0.967,0.932,0.967,111158910,105732760.00
2024/09/25,0.968,0.991,0.966,0.969,151775301,148493664.00
2024/09/26,0.972,0.979,0.957,0.979,148842896,143837968.00
2024/09/27,0.981,1.015,0.972,1.014,206444647,204115376.00
2024/09/30,1.022,1.074,1.007,1.069,350424353,364192992.00
数据来源:通达信
