159755 电池ETF 日线 不复权
      日期	    开盘	    最高	    最低	    收盘	    成交量	    成交额
2021/06/24,1.041,1.045,1.018,1.025,284549871,293650496.00
2021/06/25,1.030,1.049,1.020,1.045,172959646,179448368.00
2021/06/28,1.047,1.080,1.047,1.069,128456101,137355840.00
2021/06/29,1.082,1.096,1.066,1.074,102027703,109975184.00
2021/06/30,1.075,1.103,1.063,1.099,119432097,130218304.00
2021/07/01,1.100,1.108,1.067,1.077,112904656,122213768.00
2021/07/02,1.069,1.092,1.061,1.080,93879595,101192672.00
2021/07/05,1.079,1.116,1.071,1.116,116893460,128927856.00
2021/07/06,1.121,1.156,1.090,1.121,202953144,228181728.00
2021/07/07,1.106,1.184,1.093,1.184,227442786,263138368.00
2021/07/08,1.200,1.229,1.190,1.211,162301033,196936496.00
2021/07/09,1.205,1.247,1.184,1.240,214165484,260077232.00
2021/07/12,1.266,1.314,1.258,1.305,278192407,357814784.00
2021/07/13,1.306,1.310,1.278,1.305,211087651,273135712.00
2021/07/14,1.281,1.288,1.241,1.243,252753218,318594720.00
2021/07/15,1.232,1.269,1.215,1.262,207074078,258017088.00
2021/07/16,1.248,1.270,1.210,1.212,175891032,217487072.00
2021/07/19,1.200,1.232,1.175,1.187,204840540,245574848.00
2021/07/20,1.178,1.215,1.170,1.212,135597744,163132320.00
2021/07/21,1.223,1.283,1.223,1.280,212157125,266999392.00
2021/07/22,1.289,1.302,1.261,1.288,177085840,226431120.00
2021/07/23,1.288,1.320,1.269,1.280,178362914,230856576.00
2021/07/26,1.272,1.289,1.225,1.264,189640896,239223456.00
2021/07/27,1.263,1.294,1.183,1.187,273843582,339165920.00
2021/07/28,1.171,1.226,1.139,1.185,219017619,258657200.00
2021/07/29,1.226,1.267,1.210,1.267,219249953,271427584.00
2021/07/30,1.268,1.295,1.247,1.267,199541840,253097568.00
2021/08/02,1.291,1.331,1.250,1.292,256370960,331369600.00
2021/08/03,1.293,1.294,1.234,1.240,196126597,246069792.00
2021/08/04,1.237,1.350,1.237,1.350,375495022,490467456.00
2021/08/05,1.335,1.349,1.316,1.337,169501155,225532400.00
2021/08/06,1.374,1.403,1.345,1.363,238904586,328069504.00
2021/08/09,1.337,1.337,1.280,1.316,322656624,419284320.00
2021/08/10,1.305,1.330,1.257,1.291,292285497,377300384.00
2021/08/11,1.288,1.325,1.273,1.317,255356187,333004960.00
2021/08/12,1.313,1.340,1.290,1.328,202970509,266643408.00
2021/08/13,1.312,1.377,1.308,1.322,241129659,323475328.00
2021/08/16,1.295,1.307,1.248,1.256,288809820,365441536.00
2021/08/17,1.250,1.273,1.230,1.236,255604180,319904512.00
2021/08/18,1.242,1.276,1.233,1.250,208133399,260682848.00
2021/08/19,1.245,1.310,1.235,1.296,279091039,355557376.00
2021/08/20,1.280,1.311,1.261,1.282,235752063,302312640.00
2021/08/23,1.287,1.315,1.266,1.306,195961479,253457360.00
2021/08/24,1.312,1.366,1.309,1.348,211374003,284314688.00
2021/08/25,1.345,1.350,1.311,1.344,154133688,205013856.00
2021/08/26,1.346,1.366,1.318,1.322,148626748,198203712.00
2021/08/27,1.316,1.355,1.303,1.347,160440458,213911184.00
2021/08/30,1.340,1.395,1.331,1.366,192338621,263209648.00
2021/08/31,1.360,1.363,1.331,1.350,133171882,178889840.00
2021/09/01,1.358,1.362,1.266,1.290,202858778,264220560.00
2021/09/02,1.287,1.312,1.280,1.304,142505042,185104640.00
2021/09/03,1.304,1.309,1.235,1.247,244602927,308682976.00
2021/09/06,1.242,1.292,1.228,1.289,190438463,240928832.00
2021/09/07,1.289,1.344,1.280,1.338,198950912,263802176.00
2021/09/08,1.335,1.346,1.312,1.315,114329365,151803216.00
2021/09/09,1.317,1.346,1.296,1.325,129111508,170648336.00
2021/09/10,1.325,1.331,1.304,1.329,116011429,153061904.00
2021/09/13,1.333,1.344,1.300,1.315,93269631,122933168.00
2021/09/14,1.311,1.382,1.290,1.355,283886790,384924160.00
2021/09/15,1.357,1.376,1.344,1.367,192305643,262126976.00
2021/09/16,1.360,1.365,1.305,1.307,139645659,185232496.00
2021/09/17,1.304,1.334,1.281,1.320,133109032,174636848.00
2021/09/22,1.299,1.320,1.293,1.306,77343009,101290416.00
2021/09/23,1.315,1.325,1.303,1.308,81215309,106665128.00
2021/09/24,1.301,1.338,1.283,1.306,110629705,144886080.00
2021/09/27,1.303,1.324,1.248,1.270,133755454,171212512.00
2021/09/28,1.269,1.277,1.238,1.241,132190552,165894640.00
2021/09/29,1.235,1.244,1.197,1.203,144746076,176250160.00
2021/09/30,1.213,1.266,1.210,1.263,147868811,184289376.00
2021/10/08,1.286,1.295,1.228,1.238,129203302,160987648.00
2021/10/11,1.233,1.256,1.206,1.238,85244201,104952888.00
2021/10/12,1.230,1.240,1.190,1.203,113410511,137555216.00
2021/10/13,1.202,1.252,1.202,1.251,113359537,139782544.00
2021/10/14,1.247,1.269,1.239,1.259,81789105,102908040.00
2021/10/15,1.255,1.302,1.242,1.300,133969160,172070560.00
2021/10/18,1.297,1.333,1.293,1.331,124443172,163674336.00
2021/10/19,1.337,1.359,1.332,1.339,91644065,123182424.00
2021/10/20,1.330,1.383,1.328,1.367,183094913,250786560.00
2021/10/21,1.366,1.370,1.343,1.353,76433722,103605856.00
2021/10/22,1.355,1.372,1.340,1.344,63515775,86010728.00
2021/10/25,1.345,1.400,1.345,1.400,155964659,215972384.00
2021/10/26,1.427,1.439,1.394,1.396,125211579,177323136.00
2021/10/27,1.390,1.437,1.389,1.421,99230632,140686320.00
2021/10/28,1.420,1.442,1.383,1.388,103793316,146282400.00
2021/10/29,1.391,1.410,1.361,1.406,88630896,123145448.00
2021/11/01,1.399,1.413,1.367,1.380,107149821,148700208.00
2021/11/02,1.389,1.417,1.371,1.388,91617822,127721736.00
2021/11/03,1.384,1.384,1.339,1.361,150862507,204707392.00
2021/11/04,1.369,1.399,1.368,1.384,90530719,125521624.00
2021/11/05,1.377,1.404,1.360,1.360,96215718,132518888.00
2021/11/08,1.364,1.431,1.363,1.430,133964899,188866864.00
2021/11/09,1.431,1.444,1.420,1.436,105335045,150902288.00
2021/11/10,1.420,1.425,1.375,1.401,145935307,203726512.00
2021/11/11,1.402,1.417,1.390,1.402,82852036,116113000.00
2021/11/12,1.400,1.408,1.390,1.404,94397510,132121112.00
2021/11/15,1.401,1.401,1.345,1.352,187763212,255611600.00
2021/11/16,1.349,1.360,1.331,1.338,102912304,138223824.00
2021/11/17,1.345,1.370,1.345,1.364,101074207,137352176.00
2021/11/18,1.363,1.380,1.342,1.364,90364409,122818304.00
2021/11/19,1.363,1.379,1.354,1.368,69077003,94277024.00
2021/11/22,1.375,1.436,1.375,1.435,163839861,231696672.00
2021/11/23,1.435,1.435,1.412,1.427,79915277,113705088.00
2021/11/24,1.425,1.440,1.400,1.402,97303366,137540080.00
2021/11/25,1.399,1.408,1.383,1.396,77774395,108386040.00
2021/11/26,1.393,1.433,1.388,1.421,112204332,159559296.00
2021/11/29,1.399,1.461,1.392,1.459,129199839,186582304.00
2021/11/30,1.463,1.466,1.439,1.450,88076114,127889216.00
2021/12/01,1.448,1.466,1.423,1.438,92595000,133099872.00
2021/12/02,1.437,1.457,1.430,1.444,89303068,128915800.00
2021/12/03,1.444,1.454,1.433,1.447,65882500,95053896.00
2021/12/06,1.432,1.443,1.402,1.404,133666812,189734224.00
2021/12/07,1.409,1.414,1.344,1.360,192414697,262995952.00
2021/12/08,1.368,1.394,1.368,1.391,129540503,179248960.00
2021/12/09,1.383,1.394,1.379,1.386,91520307,126895128.00
2021/12/10,1.376,1.410,1.370,1.410,104821211,146274192.00
2021/12/13,1.409,1.409,1.383,1.400,89745141,124993216.00
2021/12/14,1.390,1.397,1.369,1.377,116854458,160895696.00
2021/12/15,1.375,1.389,1.368,1.369,75934300,104527984.00
2021/12/16,1.378,1.380,1.354,1.365,99427404,135298768.00
2021/12/17,1.360,1.360,1.328,1.331,150073702,201163808.00
2021/12/20,1.330,1.331,1.271,1.277,153599804,198758736.00
2021/12/21,1.277,1.292,1.260,1.285,109291010,139246992.00
2021/12/22,1.288,1.301,1.285,1.294,82099713,106192928.00
2021/12/23,1.309,1.314,1.280,1.287,82981040,107262480.00
2021/12/24,1.293,1.293,1.215,1.228,284861905,351595232.00
2021/12/27,1.220,1.250,1.220,1.234,117771932,145741056.00
2021/12/28,1.235,1.268,1.233,1.265,137157471,171231312.00
2021/12/29,1.265,1.269,1.248,1.254,112832876,141820864.00
2021/12/30,1.254,1.270,1.251,1.257,66886256,84282296.00
2021/12/31,1.267,1.276,1.254,1.263,68552315,86607376.00
2022/01/04,1.290,1.292,1.225,1.229,133217021,165651600.00
2022/01/05,1.220,1.224,1.173,1.178,163140349,194430464.00
2022/01/06,1.175,1.181,1.150,1.174,130139714,151774512.00
2022/01/07,1.174,1.182,1.142,1.152,138094253,159902448.00
2022/01/10,1.150,1.164,1.135,1.149,113354648,130414936.00
2022/01/11,1.151,1.169,1.137,1.138,115685201,133262016.00
2022/01/12,1.166,1.208,1.166,1.201,225182419,266579280.00
2022/01/13,1.204,1.209,1.170,1.186,141035250,167549408.00
2022/01/14,1.172,1.207,1.160,1.200,107445526,128516504.00
2022/01/17,1.193,1.232,1.193,1.227,101897332,124276896.00
2022/01/18,1.224,1.230,1.211,1.214,97413201,118694848.00
2022/01/19,1.214,1.219,1.154,1.168,156369804,184211968.00
2022/01/20,1.158,1.177,1.156,1.162,79468502,92776424.00
2022/01/21,1.158,1.180,1.141,1.162,95144100,110681456.00
2022/01/24,1.152,1.196,1.150,1.189,113219611,133215392.00
2022/01/25,1.176,1.201,1.162,1.162,98527813,116641856.00
2022/01/26,1.170,1.182,1.156,1.175,110176579,129207176.00
2022/01/27,1.167,1.180,1.141,1.143,103183044,119898584.00
2022/01/28,1.153,1.160,1.112,1.129,113559153,128766968.00
2022/02/07,1.166,1.186,1.144,1.150,111624700,129999072.00
2022/02/08,1.145,1.147,1.072,1.098,176161356,193307552.00
2022/02/09,1.096,1.118,1.078,1.114,127165062,139909232.00
2022/02/10,1.114,1.119,1.067,1.081,165014314,178421168.00
2022/02/11,1.072,1.096,1.056,1.059,141953403,152696464.00
2022/02/14,1.052,1.085,1.043,1.069,123707036,132449336.00
2022/02/15,1.072,1.113,1.072,1.112,167080783,183083536.00
2022/02/16,1.119,1.134,1.109,1.117,94359686,105701648.00
2022/02/17,1.108,1.159,1.106,1.146,151206504,172053344.00
2022/02/18,1.136,1.138,1.122,1.127,80750403,91137984.00
2022/02/21,1.128,1.134,1.111,1.118,103165700,115426792.00
2022/02/22,1.112,1.119,1.099,1.117,88715003,98377408.00
2022/02/23,1.120,1.160,1.115,1.160,127391652,146171152.00
2022/02/24,1.149,1.164,1.122,1.140,119509951,137003568.00
2022/02/25,1.155,1.183,1.155,1.167,142594925,166709024.00
2022/02/28,1.165,1.185,1.163,1.181,101008602,118704216.00
2022/03/01,1.191,1.199,1.161,1.172,135921512,160395440.00
2022/03/02,1.160,1.165,1.133,1.145,108564603,124201648.00
2022/03/03,1.149,1.151,1.117,1.118,107581819,121325296.00
2022/03/04,1.107,1.115,1.074,1.079,138452301,151437312.00
2022/03/07,1.075,1.075,1.023,1.028,173620000,180904832.00
2022/03/08,1.025,1.042,0.980,0.994,183625309,185082800.00
2022/03/09,1.000,1.000,0.950,0.995,166677566,164299616.00
2022/03/10,1.035,1.057,1.017,1.043,194225120,201789216.00
2022/03/11,1.021,1.041,1.003,1.038,131652620,134374208.00
2022/03/14,1.020,1.023,1.000,1.001,114649013,116044696.00
2022/03/15,0.983,1.033,0.980,0.992,203567766,204524896.00
2022/03/16,1.013,1.060,0.989,1.059,218224429,222925856.00
2022/03/17,1.077,1.108,1.077,1.087,180644332,197736656.00
2022/03/18,1.080,1.080,1.054,1.077,115302102,122811512.00
2022/03/21,1.082,1.114,1.072,1.097,126521205,139132720.00
2022/03/22,1.086,1.108,1.080,1.088,105842400,115388896.00
2022/03/23,1.099,1.102,1.077,1.085,76352800,83180720.00
2022/03/24,1.070,1.086,1.055,1.077,106750500,114113504.00
2022/03/25,1.071,1.081,1.042,1.047,109689500,115954736.00
2022/03/28,1.037,1.038,1.005,1.014,125016600,127299536.00
2022/03/29,1.019,1.039,1.015,1.025,103524002,106220136.00
2022/03/30,1.028,1.070,1.026,1.070,143448706,151318272.00
2022/03/31,1.068,1.068,1.034,1.041,133252109,139046896.00
2022/04/01,1.025,1.066,1.025,1.052,112661801,118288624.00
2022/04/06,1.057,1.059,1.026,1.032,97112014,100293440.00
2022/04/07,1.025,1.035,1.010,1.018,99905009,102135816.00
2022/04/08,1.017,1.033,1.003,1.012,96304200,97848200.00
2022/04/11,0.996,1.000,0.944,0.946,214050601,205226096.00
2022/04/12,0.940,0.963,0.940,0.962,121244103,115341976.00
2022/04/13,0.950,0.973,0.944,0.952,104410602,99944944.00
2022/04/14,0.963,0.968,0.941,0.947,124271401,118262568.00
2022/04/15,0.934,0.940,0.910,0.930,115203205,106325584.00
2022/04/18,0.920,0.942,0.905,0.940,95509975,88528544.00
2022/04/19,0.941,0.962,0.933,0.936,102894301,97365744.00
2022/04/20,0.936,0.943,0.902,0.906,121535300,111142688.00
2022/04/21,0.896,0.910,0.868,0.874,153571402,136002144.00
2022/04/22,0.871,0.881,0.858,0.865,90881100,78871168.00
2022/04/25,0.839,0.846,0.806,0.806,116996910,97004512.00
2022/04/26,0.811,0.816,0.789,0.789,109939507,88467280.00
2022/04/27,0.773,0.857,0.773,0.856,202948916,165944208.00
2022/04/28,0.844,0.875,0.834,0.855,133774725,114608752.00
2022/04/29,0.858,0.898,0.848,0.895,129715205,112975104.00
2022/05/05,0.875,0.902,0.865,0.889,101525999,89855440.00
2022/05/06,0.866,0.888,0.860,0.872,74478800,65099724.00
2022/05/09,0.855,0.876,0.855,0.863,69972500,60557928.00
2022/05/10,0.850,0.890,0.842,0.888,107087119,93634768.00
2022/05/11,0.882,0.968,0.881,0.947,174338134,163465664.00
2022/05/12,0.933,0.950,0.924,0.942,73053801,68615616.00
2022/05/13,0.945,0.961,0.939,0.957,108138401,102778080.00
2022/05/16,0.963,0.980,0.949,0.953,83955800,80967128.00
2022/05/17,0.952,0.999,0.952,0.993,107701701,105521296.00
2022/05/18,0.993,1.005,0.987,0.994,83761403,83445560.00
2022/05/19,0.980,1.007,0.977,1.006,94788802,94235336.00
2022/05/20,1.017,1.030,1.000,1.021,103891452,105794504.00
2022/05/23,1.022,1.028,1.003,1.020,72592035,73749520.00
2022/05/24,1.020,1.020,0.977,0.978,91028636,90801848.00
2022/05/25,0.970,0.990,0.961,0.977,79725110,77737752.00
2022/05/26,0.985,0.995,0.960,0.976,79453700,77745864.00
2022/05/27,0.982,1.010,0.972,0.982,94121903,93560856.00
2022/05/30,0.986,1.001,0.985,0.999,103905200,103399864.00
2022/05/31,0.999,1.014,0.983,1.011,148055513,148445200.00
2022/06/01,1.011,1.042,0.998,1.036,163837000,167835312.00
2022/06/02,1.026,1.066,1.024,1.057,109898406,116208216.00
2022/06/06,1.055,1.127,1.055,1.119,139670103,154268720.00
2022/06/07,1.120,1.124,1.098,1.112,95064706,105452288.00
2022/06/08,1.114,1.133,1.091,1.129,160546703,179460592.00
2022/06/09,1.122,1.126,1.095,1.101,111511802,123926104.00
2022/06/10,1.096,1.152,1.090,1.151,124774025,140857376.00
2022/06/13,1.138,1.186,1.136,1.173,144530932,168505392.00
2022/06/14,1.162,1.174,1.129,1.171,167134031,191967488.00
2022/06/15,1.175,1.192,1.147,1.157,155365703,181647296.00
2022/06/16,1.164,1.182,1.157,1.169,138565202,162150640.00
2022/06/17,1.155,1.225,1.152,1.224,214723018,259349968.00
2022/06/20,1.234,1.263,1.230,1.243,162130304,202225712.00
2022/06/21,1.243,1.243,1.209,1.222,148212404,181468320.00
2022/06/22,1.227,1.256,1.225,1.230,141275202,175592448.00
2022/06/23,1.238,1.280,1.227,1.279,154757908,194505552.00
2022/06/24,1.285,1.297,1.262,1.292,199265156,255732896.00
2022/06/27,1.296,1.314,1.284,1.297,136672412,177673792.00
2022/06/28,1.296,1.314,1.280,1.308,171045438,222063808.00
2022/06/29,1.300,1.303,1.250,1.252,149385819,189968544.00
2022/06/30,1.249,1.276,1.244,1.262,102731397,129909824.00
2022/07/01,1.255,1.267,1.242,1.253,175009101,219965888.00
2022/07/04,1.235,1.281,1.231,1.278,144424775,183037456.00
2022/07/05,1.282,1.313,1.263,1.287,139105665,179101584.00
2022/07/06,1.287,1.301,1.261,1.277,141765662,181981872.00
2022/07/07,1.281,1.320,1.275,1.320,184100012,240535568.00
2022/07/08,1.329,1.333,1.278,1.280,170427803,221043696.00
2022/07/11,1.270,1.276,1.213,1.229,168354708,207584832.00
2022/07/12,1.227,1.239,1.185,1.198,165398889,199833680.00
2022/07/13,1.199,1.240,1.174,1.229,156576013,188513376.00
2022/07/14,1.216,1.281,1.213,1.275,166150402,208803152.00
2022/07/15,1.275,1.299,1.257,1.258,128317114,164425536.00
2022/07/18,1.263,1.280,1.236,1.273,89248807,112378312.00
2022/07/19,1.271,1.276,1.242,1.249,88621612,111265408.00
2022/07/20,1.251,1.263,1.240,1.246,73642204,91975864.00
2022/07/21,1.249,1.255,1.221,1.222,116027702,143520320.00
2022/07/22,1.236,1.247,1.211,1.225,94823703,116795424.00
2022/07/25,1.223,1.226,1.203,1.207,87784602,106410960.00
2022/07/26,1.206,1.236,1.200,1.219,101957700,123953208.00
2022/07/27,1.219,1.230,1.202,1.222,80250600,97834656.00
2022/07/28,1.236,1.238,1.201,1.205,102234465,123847176.00
2022/07/29,1.207,1.215,1.184,1.190,105294500,125968696.00
2022/08/01,1.181,1.240,1.180,1.237,228943222,277270048.00
2022/08/02,1.220,1.234,1.200,1.212,184108505,223966000.00
2022/08/03,1.209,1.234,1.168,1.172,287430203,344504448.00
2022/08/04,1.183,1.194,1.159,1.178,115020603,135422928.00
2022/08/05,1.177,1.198,1.164,1.186,117969000,139402432.00
2022/08/08,1.180,1.191,1.164,1.191,103925301,122912784.00
2022/08/09,1.186,1.210,1.182,1.202,107020311,128463488.00
2022/08/10,1.197,1.209,1.167,1.169,116482800,137434992.00
2022/08/11,1.177,1.198,1.155,1.196,145927500,172092048.00
2022/08/12,1.190,1.200,1.179,1.179,78097502,92726600.00
2022/08/15,1.177,1.226,1.176,1.208,158614400,191663936.00
2022/08/16,1.206,1.227,1.206,1.212,217952678,265838144.00
2022/08/17,1.213,1.228,1.189,1.224,159644662,193136544.00
2022/08/18,1.223,1.244,1.216,1.222,203949063,249914592.00
2022/08/19,1.216,1.219,1.182,1.183,130264462,155575744.00
2022/08/22,1.180,1.223,1.169,1.223,192224179,231857360.00
2022/08/23,1.218,1.232,1.209,1.222,110642414,135169104.00
2022/08/24,1.237,1.242,1.166,1.168,240514508,286442496.00
2022/08/25,1.168,1.188,1.135,1.148,156427700,179637536.00
2022/08/26,1.150,1.164,1.140,1.146,126750600,145699424.00
2022/08/29,1.129,1.139,1.122,1.132,97396642,110038560.00
2022/08/30,1.134,1.138,1.117,1.124,94263207,106043544.00
2022/08/31,1.100,1.114,1.068,1.074,158182800,171857360.00
2022/09/01,1.073,1.089,1.061,1.063,102841223,110413352.00
2022/09/02,1.067,1.073,1.047,1.055,106230603,112173384.00
2022/09/05,1.045,1.057,1.037,1.050,115452400,120820240.00
2022/09/06,1.054,1.062,1.028,1.059,134551801,140874768.00
2022/09/07,1.054,1.095,1.050,1.086,236427907,255597520.00
2022/09/08,1.084,1.084,1.053,1.054,172107402,183275456.00
2022/09/09,1.055,1.069,1.050,1.068,118017100,125182944.00
2022/09/13,1.077,1.084,1.059,1.074,83207377,89070376.00
2022/09/14,1.058,1.062,1.036,1.044,107656600,112554880.00
2022/09/15,1.048,1.048,0.990,0.997,149733931,151151808.00
2022/09/16,0.990,0.999,0.976,0.977,103972626,102550232.00
2022/09/19,0.978,1.006,0.968,0.989,116174000,115211768.00
2022/09/20,0.997,1.028,0.997,1.011,156843401,159138832.00
2022/09/21,1.001,1.013,0.993,1.008,112743800,113479568.00
2022/09/22,0.995,1.013,0.986,1.000,83157600,83204712.00
2022/09/23,0.995,1.010,0.979,0.995,117952600,117314280.00
2022/09/26,0.989,1.025,0.985,1.013,134194200,135763680.00
2022/09/27,1.014,1.018,0.991,1.010,121090700,121481872.00
2022/09/28,1.007,1.007,0.964,0.966,140938400,137605616.00
2022/09/29,0.973,0.984,0.967,0.972,98005600,95557472.00
2022/09/30,0.968,0.971,0.935,0.936,109285362,103880632.00
2022/10/10,0.936,0.938,0.910,0.911,112952718,104023152.00
2022/10/11,0.916,0.951,0.916,0.945,159506700,150023504.00
2022/10/12,0.940,0.979,0.923,0.977,258035600,244554112.00
2022/10/13,0.970,0.984,0.963,0.965,104812400,102087056.00
2022/10/14,0.981,0.992,0.957,0.984,135824000,132466240.00
2022/10/17,0.979,0.979,0.958,0.973,108823600,105261280.00
2022/10/18,0.991,0.996,0.977,0.983,145081500,143000096.00
2022/10/19,0.983,1.012,0.979,0.987,145681701,145452784.00
2022/10/20,0.977,0.977,0.942,0.957,160099309,152824736.00
2022/10/21,0.953,0.966,0.948,0.952,121689100,116383288.00
2022/10/24,0.955,0.968,0.926,0.933,115485323,109184272.00
2022/10/25,0.927,0.953,0.914,0.942,115166800,107614600.00
2022/10/26,0.944,0.960,0.933,0.945,117988000,111589632.00
2022/10/27,0.949,0.964,0.931,0.931,127344718,120597600.00
2022/10/28,0.924,0.925,0.871,0.875,226847109,201886048.00
2022/10/31,0.870,0.899,0.867,0.882,124205400,110170896.00
2022/11/01,0.889,0.929,0.882,0.928,180676601,164646224.00
2022/11/02,0.920,0.956,0.917,0.952,170818956,160709264.00
2022/11/03,0.943,0.959,0.936,0.947,121766000,115452160.00
2022/11/04,0.948,1.006,0.948,1.000,179214083,176517744.00
2022/11/07,0.998,1.019,0.995,1.008,193776100,195603200.00
2022/11/08,1.008,1.030,0.996,1.008,151965700,153755168.00
2022/11/09,1.010,1.013,0.986,0.986,126873200,126504360.00
2022/11/10,0.976,0.984,0.952,0.958,172649500,165958640.00
2022/11/11,0.989,0.998,0.971,0.981,157064600,154619840.00
2022/11/14,0.979,0.994,0.949,0.953,174118800,168897664.00
2022/11/15,0.949,0.976,0.941,0.975,155786831,149513936.00
2022/11/16,0.974,0.976,0.949,0.953,130271300,125010608.00
2022/11/17,0.941,0.946,0.918,0.931,157809501,146251568.00
2022/11/18,0.932,0.940,0.917,0.923,134239301,124932416.00
2022/11/21,0.918,0.937,0.911,0.934,117182700,108634752.00
2022/11/22,0.920,0.928,0.904,0.905,180255701,164755776.00
2022/11/23,0.904,0.921,0.898,0.917,130582720,118918232.00
2022/11/24,0.918,0.932,0.911,0.920,129300621,119152880.00
2022/11/25,0.916,0.916,0.899,0.899,129884079,117341568.00
2022/11/28,0.885,0.896,0.875,0.895,122890200,108684744.00
2022/11/29,0.895,0.906,0.885,0.901,152393800,136712368.00
2022/11/30,0.900,0.922,0.897,0.915,172050900,156692464.00
2022/12/01,0.936,0.950,0.932,0.937,286227700,269690848.00
2022/12/02,0.933,0.944,0.930,0.933,96983100,90784328.00
2022/12/05,0.939,0.942,0.923,0.932,147859800,137225056.00
2022/12/06,0.926,0.955,0.919,0.945,170474402,159987328.00
2022/12/07,0.939,0.985,0.938,0.973,249969203,242463040.00
2022/12/08,0.970,0.980,0.960,0.971,120805901,117385336.00
2022/12/09,0.972,0.976,0.963,0.971,94701001,91755352.00
2022/12/12,0.969,0.971,0.953,0.954,86430522,82924624.00
2022/12/13,0.952,0.962,0.940,0.941,88392496,83832744.00
2022/12/14,0.938,0.947,0.929,0.933,82280911,76894936.00
2022/12/15,0.934,0.961,0.926,0.961,155790300,147178224.00
2022/12/16,0.946,0.956,0.932,0.936,123417402,116234952.00
2022/12/19,0.936,0.967,0.935,0.942,181536100,172603504.00
2022/12/20,0.936,0.940,0.917,0.920,170747600,158093216.00
2022/12/21,0.924,0.928,0.911,0.917,77908000,71434696.00
2022/12/22,0.923,0.923,0.896,0.899,101436100,91995640.00
2022/12/23,0.892,0.898,0.878,0.885,107371101,95322504.00
2022/12/26,0.885,0.918,0.884,0.916,132774101,120245400.00
2022/12/27,0.919,0.921,0.904,0.918,98627300,90158256.00
2022/12/28,0.908,0.908,0.883,0.896,136388600,121748208.00
2022/12/29,0.890,0.908,0.888,0.896,94155900,84725400.00
2022/12/30,0.905,0.909,0.886,0.886,120677700,108068856.00
2023/01/03,0.886,0.894,0.867,0.893,130833808,115149992.00
2023/01/04,0.885,0.887,0.869,0.875,158380002,138692064.00
2023/01/05,0.879,0.914,0.876,0.911,289816201,260438736.00
2023/01/06,0.904,0.940,0.902,0.926,339146901,313626912.00
2023/01/09,0.932,0.943,0.926,0.932,163879601,152993120.00
2023/01/10,0.932,0.952,0.915,0.944,437369400,407910336.00
2023/01/11,0.938,0.947,0.931,0.932,159479801,149415824.00
2023/01/12,0.936,0.965,0.936,0.952,229268503,218426848.00
2023/01/13,0.960,0.971,0.942,0.955,177707222,169830240.00
2023/01/16,0.953,0.961,0.941,0.954,184261200,175427680.00
2023/01/17,0.952,0.964,0.950,0.955,209377200,200085648.00
2023/01/18,0.957,0.970,0.953,0.959,162409043,156131696.00
2023/01/19,0.959,0.961,0.949,0.957,113139294,108002424.00
2023/01/20,0.962,0.970,0.953,0.967,160088698,154048096.00
2023/01/30,1.008,1.023,0.996,0.997,312146005,315921472.00
2023/01/31,0.999,1.008,0.992,0.996,126280102,126191936.00
2023/02/01,1.002,1.025,1.002,1.020,192637902,195938960.00
2023/02/02,1.027,1.028,1.009,1.015,139121800,141485184.00
2023/02/03,1.008,1.016,0.983,0.995,257936100,256386896.00
2023/02/06,0.988,0.989,0.970,0.978,138335900,135307856.00
2023/02/07,0.975,0.985,0.972,0.981,157188500,153557632.00
2023/02/08,0.983,0.989,0.974,0.978,126490900,124122992.00
2023/02/09,0.976,0.987,0.969,0.986,140925100,138469216.00
2023/02/10,0.982,0.986,0.964,0.969,145410501,141291184.00
2023/02/13,0.965,0.980,0.962,0.975,106765903,103940112.00
2023/02/14,0.977,0.982,0.961,0.968,141234002,136694224.00
2023/02/15,0.971,0.976,0.958,0.958,109339715,105453944.00
2023/02/16,0.959,0.967,0.935,0.942,183932400,175210880.00
2023/02/17,0.942,0.947,0.921,0.922,151479100,141185248.00
2023/02/20,0.918,0.921,0.901,0.921,201245800,183194688.00
2023/02/21,0.921,0.928,0.914,0.922,164348846,151452832.00
2023/02/22,0.915,0.918,0.908,0.911,137706401,125643920.00
2023/02/23,0.912,0.919,0.910,0.916,171903246,157133296.00
2023/02/24,0.920,0.920,0.900,0.904,158763700,143717760.00
2023/02/27,0.899,0.903,0.891,0.895,142027700,127334424.00
2023/02/28,0.898,0.901,0.889,0.899,181383727,162320592.00
2023/03/01,0.900,0.905,0.892,0.904,192048213,172776464.00
2023/03/02,0.904,0.905,0.885,0.886,347049000,309181696.00
2023/03/03,0.889,0.892,0.882,0.887,156915100,139172720.00
2023/03/06,0.889,0.892,0.870,0.892,304711500,268586272.00
2023/03/07,0.888,0.891,0.877,0.878,206236505,182362992.00
2023/03/08,0.874,0.879,0.868,0.871,184263900,160611632.00
2023/03/09,0.872,0.879,0.867,0.872,151875300,132678872.00
2023/03/10,0.869,0.870,0.853,0.859,198248000,170550304.00
2023/03/13,0.854,0.858,0.840,0.844,289743204,245149088.00
2023/03/14,0.844,0.846,0.821,0.841,257379004,214608016.00
2023/03/15,0.842,0.855,0.837,0.837,174374799,147374400.00
2023/03/16,0.832,0.838,0.818,0.818,214854600,177566944.00
2023/03/17,0.825,0.828,0.814,0.816,213073400,174903232.00
2023/03/20,0.816,0.829,0.805,0.819,214087400,174966144.00
2023/03/21,0.822,0.843,0.817,0.842,304530520,253055792.00
2023/03/22,0.846,0.864,0.846,0.850,353477156,301682816.00
2023/03/23,0.845,0.854,0.840,0.848,231270247,195813664.00
2023/03/24,0.849,0.856,0.840,0.848,213285320,180966448.00
2023/03/27,0.847,0.855,0.840,0.851,195160676,165583136.00
2023/03/28,0.849,0.852,0.842,0.845,120394300,101833808.00
2023/03/29,0.848,0.862,0.846,0.851,249333701,213066624.00
2023/03/30,0.853,0.857,0.845,0.857,170899805,145618480.00
2023/03/31,0.861,0.875,0.859,0.863,347015092,300568928.00
2023/04/03,0.863,0.869,0.853,0.862,419748704,361018528.00
2023/04/04,0.858,0.859,0.832,0.840,520595683,437739456.00
2023/04/06,0.835,0.841,0.827,0.839,257863054,214917952.00
2023/04/07,0.839,0.849,0.836,0.841,169340101,142726992.00
2023/04/10,0.847,0.864,0.841,0.864,484272513,414197568.00
2023/04/11,0.864,0.871,0.856,0.863,271380400,234170192.00
2023/04/12,0.864,0.864,0.843,0.847,281577433,239005200.00
2023/04/13,0.843,0.846,0.834,0.839,177355878,148908160.00
2023/04/14,0.840,0.870,0.839,0.860,477184503,410116064.00
2023/04/17,0.858,0.875,0.857,0.868,425558603,369365792.00
2023/04/18,0.869,0.885,0.867,0.872,365644642,320112416.00
2023/04/19,0.872,0.875,0.861,0.864,247557200,214339056.00
2023/04/20,0.866,0.866,0.837,0.841,328493000,277496192.00
2023/04/21,0.843,0.855,0.828,0.828,290604209,245033888.00
2023/04/24,0.828,0.837,0.818,0.824,338271000,278988256.00
2023/04/25,0.824,0.824,0.779,0.784,769476408,608827968.00
2023/04/26,0.784,0.834,0.778,0.823,836027489,681520704.00
2023/04/27,0.822,0.840,0.819,0.834,670690928,558639872.00
2023/04/28,0.838,0.843,0.824,0.831,626171426,519618528.00
2023/05/04,0.826,0.839,0.821,0.824,232523039,192683472.00
2023/05/05,0.824,0.824,0.806,0.812,337921169,275111424.00
2023/05/08,0.817,0.829,0.812,0.821,386297302,317048096.00
2023/05/09,0.821,0.824,0.804,0.804,415481101,336446944.00
2023/05/10,0.806,0.838,0.800,0.831,915340207,753443648.00
2023/05/11,0.828,0.858,0.826,0.848,803540684,679988096.00
2023/05/12,0.848,0.858,0.835,0.836,390632184,329090016.00
2023/05/15,0.838,0.866,0.838,0.864,727628487,624721216.00
2023/05/16,0.866,0.866,0.856,0.859,486213525,418239712.00
2023/05/17,0.863,0.868,0.848,0.855,400499044,341779200.00
2023/05/18,0.856,0.858,0.835,0.843,377686967,318887072.00
2023/05/19,0.840,0.847,0.835,0.840,238266575,200454272.00
2023/05/22,0.838,0.848,0.832,0.843,307220930,258557104.00
2023/05/23,0.845,0.849,0.832,0.832,283961461,238201424.00
2023/05/24,0.830,0.840,0.826,0.827,223239838,185932672.00
2023/05/25,0.825,0.833,0.820,0.823,230793645,190694736.00
2023/05/26,0.824,0.825,0.799,0.810,260214346,209948144.00
2023/05/29,0.810,0.813,0.791,0.796,281279400,224081920.00
2023/05/30,0.793,0.810,0.793,0.806,306001301,245114496.00
2023/05/31,0.806,0.808,0.793,0.800,186613625,149000512.00
2023/06/01,0.800,0.813,0.794,0.801,231010749,186223104.00
2023/06/02,0.805,0.825,0.805,0.823,391381570,319797696.00
2023/06/05,0.819,0.822,0.801,0.812,223726700,180744992.00
2023/06/06,0.811,0.813,0.800,0.803,224155000,180545456.00
2023/06/07,0.804,0.804,0.781,0.784,297518470,234255920.00
2023/06/08,0.784,0.794,0.780,0.780,286011000,224431904.00
2023/06/09,0.783,0.796,0.781,0.785,264100600,207452064.00
2023/06/12,0.783,0.796,0.779,0.791,211902900,166987648.00
2023/06/13,0.791,0.794,0.785,0.791,109501402,86434312.00
2023/06/14,0.794,0.796,0.782,0.782,265605000,209113504.00
2023/06/15,0.784,0.825,0.784,0.824,502870226,406328320.00
2023/06/16,0.827,0.831,0.820,0.824,388057703,320489920.00
2023/06/19,0.825,0.830,0.815,0.818,188913504,155128976.00
2023/06/20,0.819,0.827,0.811,0.818,205564903,168175280.00
2023/06/21,0.816,0.828,0.806,0.808,204576800,166966336.00
2023/06/26,0.798,0.816,0.793,0.806,185296903,149202288.00
2023/06/27,0.805,0.809,0.795,0.804,143394703,114979288.00
2023/06/28,0.805,0.810,0.798,0.807,124233500,99913728.00
2023/06/29,0.805,0.850,0.800,0.800,176182100,141939472.00
2023/06/30,0.800,0.825,0.798,0.820,330751000,269796608.00
2023/07/03,0.822,0.835,0.821,0.827,344726002,285517888.00
2023/07/04,0.828,0.832,0.821,0.829,221926401,183610592.00
2023/07/05,0.829,0.831,0.820,0.822,251417735,207190336.00
2023/07/06,0.820,0.821,0.810,0.813,203822381,166340224.00
2023/07/07,0.810,0.812,0.802,0.803,125907300,101576768.00
2023/07/10,0.806,0.825,0.806,0.817,240062313,196580688.00
2023/07/11,0.818,0.826,0.811,0.824,258419387,211609104.00
2023/07/12,0.824,0.828,0.817,0.819,173399665,142611728.00
2023/07/13,0.823,0.833,0.821,0.825,306178487,252960256.00
2023/07/14,0.826,0.826,0.813,0.814,147897903,120897176.00
2023/07/17,0.812,0.814,0.800,0.805,254011201,204217776.00
2023/07/18,0.805,0.810,0.798,0.806,133642104,107263712.00
2023/07/19,0.803,0.805,0.792,0.797,245201900,195160144.00
2023/07/20,0.799,0.810,0.795,0.797,229182901,183999248.00
2023/07/21,0.793,0.800,0.787,0.794,212235303,168365056.00
2023/07/24,0.792,0.792,0.777,0.778,272975902,213182144.00
2023/07/25,0.786,0.800,0.786,0.798,335510000,266545904.00
2023/07/26,0.798,0.800,0.794,0.796,163388100,130171552.00
2023/07/27,0.802,0.807,0.796,0.797,223135200,178724624.00
2023/07/28,0.794,0.807,0.789,0.805,221157819,177011024.00
2023/07/31,0.809,0.829,0.808,0.821,340358400,279398912.00
2023/08/01,0.821,0.822,0.811,0.814,202863136,165717504.00
2023/08/02,0.815,0.823,0.812,0.816,138190854,112962384.00
2023/08/03,0.813,0.819,0.811,0.819,122447732,99922440.00
2023/08/04,0.825,0.833,0.818,0.826,206544011,170559472.00
2023/08/07,0.826,0.829,0.820,0.822,204016393,167905568.00
2023/08/08,0.822,0.824,0.816,0.820,185712097,152370288.00
2023/08/09,0.819,0.821,0.813,0.818,207554300,169634720.00
2023/08/10,0.819,0.827,0.814,0.821,153638800,126090160.00
2023/08/11,0.821,0.822,0.801,0.802,193833249,157147312.00
2023/08/14,0.797,0.797,0.775,0.783,274782649,214821504.00
2023/08/15,0.782,0.787,0.770,0.774,270270849,209433968.00
2023/08/16,0.773,0.783,0.770,0.772,203713500,158155552.00
2023/08/17,0.772,0.775,0.762,0.773,209131200,160765472.00
2023/08/18,0.772,0.777,0.761,0.762,146265000,112538520.00
2023/08/21,0.762,0.762,0.746,0.748,190617300,143559424.00
2023/08/22,0.750,0.754,0.725,0.739,336161200,247571088.00
2023/08/23,0.738,0.738,0.718,0.718,145560700,105921280.00
2023/08/24,0.721,0.732,0.718,0.725,217090944,157510400.00
2023/08/25,0.721,0.724,0.715,0.719,159084306,114436824.00
2023/08/28,0.758,0.760,0.716,0.719,289061648,212066832.00
2023/08/29,0.719,0.747,0.717,0.742,301525500,222117248.00
2023/08/30,0.742,0.752,0.738,0.740,154641100,115186080.00
2023/08/31,0.740,0.741,0.730,0.733,199963600,146624800.00
2023/09/01,0.736,0.740,0.730,0.734,90157900,66234856.00
2023/09/04,0.735,0.743,0.727,0.741,136295400,100474424.00
2023/09/05,0.740,0.743,0.735,0.737,565053400,416596480.00
2023/09/06,0.737,0.737,0.729,0.735,378663304,277265952.00
2023/09/07,0.733,0.734,0.717,0.718,144632900,104488336.00
2023/09/08,0.715,0.718,0.704,0.708,151648700,107375480.00
2023/09/11,0.706,0.717,0.702,0.711,151726100,107525504.00
2023/09/12,0.712,0.723,0.709,0.714,204778301,146569648.00
2023/09/13,0.712,0.716,0.703,0.706,261822285,185053344.00
2023/09/14,0.700,0.703,0.691,0.695,304188701,211378080.00
2023/09/15,0.695,0.696,0.685,0.689,183478717,126420952.00
2023/09/18,0.686,0.709,0.684,0.698,211729200,147735120.00
2023/09/19,0.696,0.697,0.688,0.691,122892700,84966896.00
2023/09/20,0.691,0.691,0.682,0.682,104815700,71889080.00
2023/09/21,0.680,0.685,0.674,0.677,135095577,91661656.00
2023/09/22,0.674,0.690,0.674,0.689,155236477,105898472.00
2023/09/25,0.688,0.692,0.682,0.685,117560100,80589256.00
2023/09/26,0.684,0.684,0.673,0.674,242669201,164109840.00
2023/09/27,0.674,0.689,0.672,0.678,156692200,106512032.00
2023/09/28,0.679,0.686,0.675,0.678,136409800,92771688.00
2023/10/09,0.677,0.678,0.666,0.673,245080908,164411776.00
2023/10/10,0.674,0.682,0.669,0.671,222689101,150042032.00
2023/10/11,0.674,0.678,0.667,0.670,247816901,166520528.00
2023/10/12,0.674,0.691,0.671,0.689,326936400,223044560.00
2023/10/13,0.682,0.684,0.671,0.674,185849833,125654352.00
2023/10/16,0.675,0.676,0.655,0.658,161972200,107355136.00
2023/10/17,0.659,0.673,0.658,0.665,197258000,131605192.00
2023/10/18,0.666,0.668,0.659,0.661,120202300,79757264.00
2023/10/19,0.658,0.659,0.647,0.648,156765945,102126992.00
2023/10/20,0.644,0.661,0.642,0.652,177341994,115691472.00
2023/10/23,0.652,0.652,0.632,0.636,152486294,97501720.00
2023/10/24,0.639,0.644,0.634,0.640,118429300,75685504.00
2023/10/25,0.644,0.649,0.637,0.639,102983800,66272380.00
2023/10/26,0.634,0.642,0.621,0.641,190386200,120158344.00
2023/10/27,0.637,0.670,0.636,0.667,299693568,197086384.00
2023/10/30,0.664,0.677,0.662,0.674,229328172,154001488.00
2023/10/31,0.670,0.671,0.659,0.664,136063800,90205432.00
2023/11/01,0.667,0.667,0.656,0.662,239279300,158258576.00
2023/11/02,0.663,0.665,0.650,0.651,123284700,80909488.00
2023/11/03,0.651,0.660,0.651,0.659,142269600,93464888.00
2023/11/06,0.662,0.687,0.660,0.687,416805100,282961056.00
2023/11/07,0.681,0.684,0.675,0.679,288067402,195419008.00
2023/11/08,0.678,0.683,0.674,0.678,258833802,176028416.00
2023/11/09,0.679,0.685,0.675,0.679,189963300,129161216.00
2023/11/10,0.676,0.676,0.670,0.673,129794357,87276776.00
2023/11/13,0.675,0.679,0.670,0.673,98331902,66180400.00
2023/11/14,0.673,0.675,0.665,0.668,150631302,100894728.00
2023/11/15,0.675,0.682,0.674,0.676,377288200,255532112.00
2023/11/16,0.676,0.677,0.663,0.663,189496500,126462256.00
2023/11/17,0.662,0.667,0.660,0.666,156898600,104172400.00
2023/11/20,0.667,0.668,0.656,0.665,267554303,177390240.00
2023/11/21,0.666,0.670,0.659,0.659,130899803,87074640.00
2023/11/22,0.657,0.658,0.644,0.644,130825093,85114872.00
2023/11/23,0.646,0.648,0.640,0.648,114715600,73893104.00
2023/11/24,0.646,0.647,0.631,0.632,178696989,113584056.00
2023/11/27,0.630,0.631,0.617,0.621,162317200,100824072.00
2023/11/28,0.621,0.626,0.617,0.625,151368800,94087576.00
2023/11/29,0.623,0.624,0.611,0.612,143035400,87983040.00
2023/11/30,0.611,0.616,0.606,0.608,138678703,84626136.00
2023/12/01,0.609,0.610,0.597,0.604,186518862,112255936.00
2023/12/04,0.603,0.604,0.595,0.598,127643900,76533456.00
2023/12/05,0.595,0.606,0.591,0.592,197244555,118043360.00
2023/12/06,0.590,0.618,0.589,0.609,375047756,228528176.00
2023/12/07,0.607,0.611,0.600,0.606,303696000,183936432.00
2023/12/08,0.610,0.613,0.601,0.603,117777500,71280776.00
2023/12/11,0.600,0.606,0.590,0.604,128592006,76695728.00
2023/12/12,0.601,0.605,0.597,0.599,86347500,51835416.00
2023/12/13,0.598,0.598,0.584,0.584,202362600,119304608.00
2023/12/14,0.589,0.595,0.579,0.579,171673803,100770904.00
2023/12/15,0.583,0.589,0.578,0.579,144644200,84445904.00
2023/12/18,0.576,0.579,0.562,0.563,170574900,97132568.00
2023/12/19,0.563,0.570,0.561,0.566,167217900,94561304.00
2023/12/20,0.567,0.570,0.558,0.560,119292800,67291040.00
2023/12/21,0.555,0.575,0.553,0.571,227317500,128591848.00
2023/12/22,0.569,0.588,0.562,0.581,257422211,148362592.00
2023/12/25,0.580,0.588,0.577,0.583,103963602,60582364.00
2023/12/26,0.584,0.584,0.576,0.579,81072801,46907340.00
2023/12/27,0.579,0.581,0.573,0.575,136258213,78466104.00
2023/12/28,0.574,0.608,0.574,0.606,260591903,155245008.00
2023/12/29,0.606,0.612,0.604,0.606,127438800,77386576.00
2024/01/02,0.607,0.608,0.590,0.590,127900100,76211400.00
2024/01/03,0.590,0.593,0.583,0.589,130381700,76536704.00
2024/01/04,0.588,0.588,0.575,0.579,161532001,93465056.00
2024/01/05,0.579,0.593,0.571,0.575,191975901,112249976.00
2024/01/08,0.573,0.581,0.563,0.563,152484100,86909176.00
2024/01/09,0.565,0.577,0.558,0.567,150308900,85255864.00
2024/01/10,0.563,0.579,0.557,0.570,182113321,103844664.00
2024/01/11,0.568,0.595,0.565,0.588,362871100,210935408.00
2024/01/12,0.584,0.595,0.581,0.583,391555000,230138976.00
2024/01/15,0.583,0.583,0.570,0.574,157332300,90740344.00
2024/01/16,0.572,0.587,0.571,0.582,192919407,111746008.00
2024/01/17,0.578,0.580,0.558,0.558,185414000,105167920.00
2024/01/18,0.556,0.570,0.551,0.566,204371400,114345464.00
2024/01/19,0.566,0.581,0.563,0.563,186482981,106528528.00
2024/01/22,0.560,0.564,0.541,0.543,231913002,128066856.00
2024/01/23,0.542,0.554,0.537,0.546,149908400,81951096.00
2024/01/24,0.547,0.550,0.527,0.543,171616200,92345728.00
2024/01/25,0.541,0.552,0.533,0.551,176973100,96224368.00
2024/01/26,0.547,0.549,0.536,0.537,179728000,97526848.00
2024/01/29,0.537,0.538,0.516,0.516,206438400,108351528.00
2024/01/30,0.515,0.520,0.499,0.500,157999752,80586280.00
2024/01/31,0.499,0.517,0.498,0.498,239191972,121412480.00
2024/02/01,0.495,0.505,0.490,0.494,150988748,75033192.00
2024/02/02,0.495,0.498,0.465,0.482,200709065,97225696.00
2024/02/05,0.473,0.485,0.450,0.473,174968300,82174768.00
2024/02/06,0.469,0.506,0.465,0.505,190769513,93481120.00
2024/02/07,0.506,0.522,0.501,0.519,186541900,96324024.00
2024/02/08,0.521,0.539,0.521,0.529,128808703,68518520.00
2024/02/19,0.535,0.536,0.520,0.525,115229645,60487216.00
2024/02/20,0.523,0.524,0.512,0.520,112557467,58152416.00
2024/02/21,0.516,0.541,0.515,0.530,174753400,92956464.00
2024/02/22,0.527,0.532,0.525,0.531,122778319,64941556.00
2024/02/23,0.531,0.538,0.528,0.536,135070119,72013464.00
2024/02/26,0.536,0.545,0.532,0.538,153609702,82736928.00
2024/02/27,0.537,0.548,0.534,0.547,110963300,60065504.00
2024/02/28,0.549,0.565,0.535,0.536,215152357,118894432.00
2024/02/29,0.533,0.556,0.530,0.556,197746101,108015048.00
2024/03/01,0.554,0.563,0.551,0.557,154376066,85949280.00
2024/03/04,0.558,0.565,0.550,0.555,120463200,67061728.00
2024/03/05,0.549,0.550,0.542,0.547,131837402,71964656.00
2024/03/06,0.541,0.558,0.541,0.550,142594400,78179360.00
2024/03/07,0.549,0.553,0.536,0.536,213868400,116978904.00
2024/03/08,0.535,0.544,0.531,0.538,186800701,100208472.00
2024/03/11,0.545,0.587,0.545,0.586,626717307,357487328.00
2024/03/12,0.592,0.593,0.582,0.590,419424127,246937008.00
2024/03/13,0.586,0.596,0.586,0.590,218529288,129031848.00
2024/03/14,0.589,0.600,0.581,0.588,162563844,95894144.00
2024/03/15,0.584,0.588,0.572,0.588,217180800,125793464.00
2024/03/18,0.596,0.607,0.595,0.607,298525607,179759312.00
2024/03/19,0.605,0.609,0.600,0.602,346977700,209582896.00
2024/03/20,0.599,0.608,0.598,0.600,115986100,69860776.00
2024/03/21,0.600,0.603,0.594,0.596,168987200,101336912.00
2024/03/22,0.596,0.597,0.579,0.580,208329333,121648584.00
2024/03/25,0.577,0.584,0.569,0.569,159592135,91716176.00
2024/03/26,0.570,0.593,0.570,0.591,277182274,161902720.00
2024/03/27,0.591,0.592,0.566,0.566,243737500,140693104.00
2024/03/28,0.565,0.579,0.564,0.570,117451303,67176400.00
2024/03/29,0.571,0.582,0.569,0.574,167577100,96309096.00
2024/04/01,0.576,0.598,0.576,0.598,237084604,140796512.00
2024/04/02,0.598,0.608,0.593,0.606,283215532,170531904.00
2024/04/03,0.606,0.612,0.599,0.602,202006300,122028960.00
2024/04/08,0.599,0.609,0.589,0.589,259897500,156023072.00
2024/04/09,0.588,0.613,0.586,0.613,328303801,198759104.00
2024/04/10,0.614,0.615,0.597,0.601,288340805,173592672.00
2024/04/11,0.595,0.603,0.587,0.599,163362502,97341656.00
2024/04/12,0.596,0.599,0.580,0.582,180320282,106013432.00
2024/04/15,0.580,0.599,0.580,0.590,199050099,117545512.00
2024/04/16,0.588,0.588,0.568,0.568,194815787,112274552.00
2024/04/17,0.570,0.582,0.570,0.582,128371835,74140240.00
2024/04/18,0.579,0.590,0.568,0.581,131192130,76223168.00
2024/04/19,0.578,0.578,0.562,0.568,112048364,63703140.00
2024/04/22,0.567,0.575,0.560,0.562,104527700,58970860.00
2024/04/23,0.560,0.564,0.553,0.555,92088800,51253748.00
2024/04/24,0.553,0.557,0.546,0.554,138311703,76186152.00
2024/04/25,0.552,0.565,0.547,0.559,183774506,102605384.00
2024/04/26,0.556,0.575,0.556,0.573,145348100,82426840.00
2024/04/29,0.579,0.605,0.575,0.598,255766000,152183808.00
2024/04/30,0.600,0.602,0.586,0.586,137182800,81083360.00
2024/05/06,0.603,0.610,0.602,0.605,162297700,98315200.00
2024/05/07,0.605,0.608,0.600,0.607,143346200,86674160.00
2024/05/08,0.605,0.605,0.592,0.594,126702600,75751040.00
2024/05/09,0.601,0.618,0.601,0.613,348521201,213147472.00
2024/05/10,0.610,0.613,0.599,0.602,210333000,126986048.00
2024/05/13,0.591,0.595,0.585,0.590,253597800,149487024.00
2024/05/14,0.589,0.595,0.585,0.588,114110500,67195160.00
2024/05/15,0.588,0.594,0.579,0.580,97776200,57161024.00
2024/05/16,0.582,0.585,0.577,0.579,122735100,71271264.00
2024/05/17,0.579,0.592,0.575,0.591,235064701,137557344.00
2024/05/20,0.593,0.597,0.588,0.591,120432600,71429232.00
2024/05/21,0.592,0.593,0.581,0.584,84520200,49387252.00
2024/05/22,0.586,0.594,0.583,0.593,215517800,127160160.00
2024/05/23,0.590,0.590,0.577,0.578,158003300,91790792.00
2024/05/24,0.576,0.580,0.568,0.569,117815700,67554968.00
2024/05/27,0.570,0.573,0.562,0.571,85318500,48262036.00
2024/05/28,0.569,0.571,0.563,0.564,81982300,46416948.00
2024/05/29,0.565,0.580,0.565,0.578,258806500,149369024.00
2024/05/30,0.580,0.584,0.576,0.579,346473800,200945632.00
2024/05/31,0.579,0.589,0.579,0.580,127998900,74789592.00
2024/06/03,0.581,0.588,0.574,0.584,156631077,91398608.00
2024/06/04,0.586,0.596,0.584,0.594,192309600,113708680.00
2024/06/05,0.593,0.605,0.592,0.593,198140700,118638712.00
2024/06/06,0.595,0.597,0.583,0.585,136876336,80689384.00
2024/06/07,0.583,0.587,0.564,0.571,359687202,205294224.00
2024/06/11,0.566,0.575,0.564,0.574,71759900,40867448.00
2024/06/12,0.572,0.576,0.569,0.573,54043100,30925226.00
2024/06/13,0.573,0.584,0.573,0.575,87038900,50296552.00
2024/06/14,0.574,0.577,0.564,0.577,100548400,57265304.00
2024/06/17,0.573,0.592,0.570,0.589,181304502,106007544.00
2024/06/18,0.587,0.588,0.582,0.586,93804601,54888476.00
2024/06/19,0.587,0.587,0.576,0.577,104804201,60616512.00
2024/06/20,0.575,0.575,0.562,0.564,126299300,71598712.00
2024/06/21,0.563,0.566,0.554,0.559,80623100,45046284.00
2024/06/24,0.555,0.556,0.549,0.549,69173900,38187828.00
2024/06/25,0.550,0.554,0.540,0.544,81608000,44674116.00
2024/06/26,0.543,0.555,0.536,0.553,145348301,79494168.00
2024/06/27,0.550,0.550,0.541,0.541,57332500,31234942.00
2024/06/28,0.539,0.546,0.534,0.536,82180502,44440888.00
2024/07/01,0.534,0.535,0.519,0.530,115610202,60631904.00
2024/07/02,0.528,0.532,0.523,0.524,97347401,51368524.00
2024/07/03,0.528,0.534,0.521,0.528,94341700,49818384.00
2024/07/04,0.529,0.534,0.522,0.522,74455300,39321504.00
2024/07/05,0.521,0.524,0.515,0.519,99132300,51333332.00
2024/07/08,0.517,0.518,0.507,0.508,109576603,56006540.00
2024/07/09,0.507,0.518,0.502,0.516,92536110,47177000.00
2024/07/10,0.514,0.529,0.513,0.517,100880300,52706008.00
2024/07/11,0.523,0.537,0.522,0.533,148906900,78995648.00
2024/07/12,0.533,0.539,0.530,0.536,91333000,48792592.00
2024/07/15,0.532,0.535,0.529,0.529,76682200,40684600.00
2024/07/16,0.530,0.540,0.529,0.537,77462951,41519664.00
2024/07/17,0.535,0.539,0.531,0.534,65255300,34928300.00
2024/07/18,0.531,0.543,0.529,0.542,121143200,64975704.00
2024/07/19,0.538,0.546,0.535,0.544,160697101,87043560.00
2024/07/22,0.543,0.549,0.537,0.541,99892700,54181712.00
2024/07/23,0.542,0.542,0.523,0.524,100543700,53417808.00
2024/07/24,0.521,0.527,0.513,0.515,97224900,50424740.00
2024/07/25,0.511,0.525,0.511,0.520,102453200,53246720.00
2024/07/26,0.521,0.539,0.521,0.531,108916100,57984372.00
2024/07/29,0.532,0.532,0.517,0.519,87597800,45544020.00
2024/07/30,0.517,0.519,0.513,0.516,107819700,55536404.00
2024/07/31,0.514,0.535,0.514,0.534,115935000,61017456.00
2024/08/01,0.533,0.534,0.522,0.524,123209500,64747404.00
2024/08/02,0.522,0.524,0.514,0.515,79169200,41068820.00
2024/08/05,0.512,0.524,0.507,0.507,114248806,59006072.00
2024/08/06,0.512,0.516,0.505,0.510,91240304,46572540.00
2024/08/07,0.510,0.513,0.507,0.508,116994600,59683400.00
2024/08/08,0.509,0.510,0.499,0.506,131700000,66475936.00
2024/08/09,0.508,0.512,0.501,0.501,86057296,43645852.00
数据来源:通达信
