159837 生物科技ETF 日线 不复权
      日期	    开盘	    最高	    最低	    收盘	    成交量	    成交额
2021/01/27,0.993,1.000,0.965,0.985,145331869,142562144.00
2021/01/28,0.984,0.986,0.953,0.957,124283318,120216272.00
2021/01/29,0.958,0.971,0.933,0.948,89742783,85378408.00
2021/02/01,0.947,0.971,0.943,0.966,77236281,74398080.00
2021/02/02,0.970,0.986,0.952,0.981,98792780,96133440.00
2021/02/03,0.981,1.010,0.975,0.995,220760468,220399232.00
2021/02/04,0.988,1.003,0.973,0.985,72455290,71558632.00
2021/02/05,0.985,1.030,0.984,1.012,398663432,405889312.00
2021/02/08,1.013,1.026,1.003,1.024,141663936,144261616.00
2021/02/09,1.024,1.040,1.020,1.038,138940769,143534368.00
2021/02/10,1.040,1.074,1.026,1.064,199822258,211040032.00
2021/02/18,1.080,1.081,1.007,1.009,232500017,239127568.00
2021/02/19,1.004,1.009,0.975,1.000,193785349,191702112.00
2021/02/22,0.998,0.999,0.952,0.954,296947117,287142656.00
2021/02/23,0.950,0.963,0.943,0.949,159501298,151635408.00
2021/02/24,0.953,0.954,0.907,0.917,260326290,241714048.00
2021/02/25,0.918,0.930,0.911,0.914,128967474,118605752.00
2021/02/26,0.902,0.921,0.888,0.907,141414123,127844968.00
2021/03/01,0.914,0.922,0.898,0.921,89395012,81805184.00
2021/03/02,0.922,0.929,0.890,0.899,127725312,115756544.00
2021/03/03,0.898,0.915,0.890,0.915,101223428,91623960.00
2021/03/04,0.905,0.905,0.873,0.877,175751467,155695248.00
2021/03/05,0.864,0.884,0.856,0.878,95431660,83157944.00
2021/03/08,0.882,0.890,0.830,0.832,144527920,123505592.00
2021/03/09,0.830,0.834,0.791,0.804,116549387,94914728.00
2021/03/10,0.820,0.833,0.814,0.823,113385383,93376088.00
2021/03/11,0.823,0.855,0.822,0.842,124793387,105008616.00
2021/03/12,0.842,0.849,0.830,0.848,78709690,66225896.00
2021/03/15,0.839,0.842,0.799,0.810,100275350,81786872.00
2021/03/16,0.813,0.824,0.804,0.820,74923518,61191572.00
2021/03/17,0.810,0.829,0.805,0.823,72470872,59496792.00
2021/03/18,0.826,0.845,0.826,0.844,104449957,87760568.00
2021/03/19,0.830,0.840,0.819,0.825,80243067,66406092.00
2021/03/22,0.824,0.844,0.820,0.830,74060534,61517956.00
2021/03/23,0.829,0.845,0.823,0.833,92284248,77077256.00
2021/03/24,0.829,0.844,0.828,0.834,71261792,59662016.00
2021/03/25,0.832,0.848,0.824,0.845,86850541,72883576.00
2021/03/26,0.846,0.876,0.845,0.870,123929398,107061816.00
2021/03/29,0.871,0.886,0.865,0.876,75034664,65739524.00
2021/03/30,0.873,0.901,0.872,0.893,111558507,99311776.00
2021/03/31,0.891,0.894,0.876,0.886,61844239,54643708.00
2021/04/01,0.889,0.901,0.886,0.899,82462282,74007472.00
2021/04/02,0.899,0.913,0.897,0.903,80553601,73045296.00
2021/04/06,0.903,0.906,0.889,0.891,45723472,40840816.00
2021/04/07,0.887,0.898,0.881,0.892,52428757,46590472.00
2021/04/08,0.890,0.914,0.886,0.913,79724611,72236840.00
2021/04/09,0.913,0.913,0.892,0.895,63724505,57207132.00
2021/04/12,0.894,0.906,0.871,0.873,71408970,63140244.00
2021/04/13,0.873,0.896,0.872,0.887,87560554,77667136.00
2021/04/14,0.887,0.898,0.875,0.891,54773656,48643136.00
2021/04/15,0.883,0.893,0.874,0.887,53543005,47312376.00
2021/04/16,0.888,0.891,0.872,0.883,44772231,39406708.00
2021/04/19,0.882,0.909,0.875,0.908,136500454,123052824.00
2021/04/20,0.906,0.921,0.898,0.915,100142437,91497776.00
2021/04/21,0.906,0.934,0.906,0.932,109766614,101550392.00
2021/04/22,0.932,0.937,0.925,0.931,64999637,60517756.00
2021/04/23,0.929,0.959,0.929,0.954,111389256,105742328.00
2021/04/26,0.960,0.991,0.955,0.958,146269546,142768832.00
2021/04/27,0.958,0.983,0.951,0.982,109444847,106525824.00
2021/04/28,0.983,1.006,0.977,1.004,151501427,150765840.00
2021/04/29,1.002,1.009,0.983,0.997,106821006,106490768.00
2021/04/30,0.993,1.029,0.993,1.019,230760422,234857472.00
2021/05/06,1.005,1.007,0.957,0.975,131788405,128448864.00
2021/05/07,0.975,0.987,0.945,0.947,79501939,76718208.00
2021/05/10,0.951,0.981,0.951,0.970,63711717,61753480.00
2021/05/11,0.966,0.987,0.953,0.984,70319406,68499136.00
2021/05/12,0.982,1.008,0.975,1.006,98181253,97667136.00
2021/05/13,0.998,1.018,0.992,1.011,111132206,112051120.00
2021/05/14,1.013,1.045,1.007,1.030,221024291,228457536.00
2021/05/17,1.049,1.070,1.046,1.052,223678813,236880944.00
2021/05/18,1.046,1.058,1.026,1.037,96107774,99670408.00
2021/05/19,1.036,1.044,1.025,1.035,68697456,71045208.00
2021/05/20,1.034,1.045,1.031,1.037,61211806,63575608.00
2021/05/21,1.040,1.047,1.018,1.020,76585707,78773176.00
2021/05/24,1.019,1.019,0.982,1.010,94338870,94106632.00
2021/05/25,1.022,1.042,1.022,1.038,109878726,113743056.00
2021/05/26,1.036,1.043,1.020,1.036,79394482,81917072.00
2021/05/27,1.032,1.045,1.021,1.038,76695580,79245040.00
2021/05/28,1.035,1.038,1.009,1.017,98665469,101095744.00
2021/05/31,1.025,1.043,1.018,1.036,88801883,91838536.00
2021/06/01,1.036,1.055,1.031,1.055,118904719,124346408.00
2021/06/02,1.055,1.062,1.033,1.036,74959234,78230688.00
2021/06/03,1.034,1.036,1.015,1.016,82318296,84306024.00
2021/06/04,1.016,1.031,1.004,1.027,77493216,79128952.00
2021/06/07,1.027,1.036,1.016,1.030,67215826,69115328.00
2021/06/08,1.031,1.043,1.010,1.020,71646437,73546016.00
2021/06/09,1.020,1.023,1.010,1.015,61206224,62104168.00
2021/06/10,1.017,1.035,1.017,1.028,77899308,80102592.00
2021/06/11,1.028,1.032,1.014,1.024,62594837,64057640.00
2021/06/15,1.024,1.031,1.001,1.006,72410721,73249344.00
2021/06/16,1.004,1.008,0.971,0.972,86384185,85412056.00
2021/06/17,0.971,0.987,0.971,0.979,52273988,51222588.00
2021/06/18,0.980,0.998,0.979,0.990,63344959,62646784.00
2021/06/21,0.991,1.000,0.980,0.994,55223220,54722184.00
2021/06/22,0.993,1.016,0.982,1.015,88791461,89102544.00
2021/06/23,1.014,1.027,1.011,1.015,63688446,64803780.00
2021/06/24,1.013,1.013,0.990,0.999,78311903,78140104.00
2021/06/25,0.999,1.018,0.994,1.014,85100626,85838648.00
2021/06/28,1.010,1.038,1.010,1.035,112618398,116002440.00
2021/06/29,1.035,1.039,1.024,1.026,69302463,71328072.00
2021/06/30,1.026,1.032,1.020,1.026,76085243,78129144.00
2021/07/01,1.032,1.053,1.026,1.044,156287054,162927360.00
2021/07/02,1.039,1.043,0.998,0.999,103323315,104437312.00
2021/07/05,0.991,1.003,0.981,0.988,80043734,79325504.00
2021/07/06,0.988,0.990,0.935,0.956,128984044,123420312.00
2021/07/07,0.951,0.989,0.949,0.981,86029689,83762904.00
2021/07/08,0.980,0.989,0.967,0.968,70348861,68522944.00
2021/07/09,0.965,0.973,0.947,0.971,72169948,69223840.00
2021/07/12,0.972,1.008,0.963,1.004,126332792,125768696.00
2021/07/13,1.004,1.012,0.991,1.003,68649425,68596712.00
2021/07/14,1.000,1.030,0.996,1.011,103628484,105390296.00
2021/07/15,1.009,1.015,1.000,1.013,67700689,68201920.00
2021/07/16,1.013,1.016,0.999,1.003,58425528,58864396.00
2021/07/19,1.001,1.027,1.000,1.021,87778153,89441288.00
2021/07/20,1.025,1.042,1.020,1.028,78707538,81208848.00
2021/07/21,1.028,1.047,1.024,1.044,119041583,123642608.00
2021/07/22,1.045,1.046,1.007,1.013,127006820,129702456.00
2021/07/23,1.012,1.013,0.981,0.985,125354602,123963648.00
2021/07/26,0.985,0.985,0.917,0.937,161250454,152377168.00
2021/07/27,0.940,0.945,0.908,0.909,109553483,101435280.00
2021/07/28,0.909,0.937,0.897,0.936,108234205,99644920.00
2021/07/29,0.950,0.969,0.949,0.960,100234787,96085424.00
2021/07/30,0.960,0.960,0.929,0.952,99138071,93271208.00
2021/08/02,0.954,0.969,0.924,0.964,105194608,99937024.00
2021/08/03,0.964,1.015,0.958,1.012,185014767,184245744.00
2021/08/04,1.008,1.013,0.990,1.005,105209220,105248376.00
2021/08/05,1.005,1.023,0.999,1.006,94918092,95938024.00
2021/08/06,1.001,1.001,0.957,0.967,124855321,121260264.00
2021/08/09,0.955,0.969,0.951,0.963,81304976,78075648.00
2021/08/10,0.970,0.972,0.956,0.971,85461130,82484928.00
2021/08/11,0.971,0.971,0.950,0.952,100464427,96053136.00
2021/08/12,0.946,0.953,0.930,0.936,116556946,109438352.00
2021/08/13,0.936,0.943,0.923,0.930,98010720,91281696.00
2021/08/16,0.928,0.934,0.921,0.923,87448249,81000400.00
2021/08/17,0.922,0.925,0.881,0.888,180168211,162517648.00
2021/08/18,0.888,0.897,0.881,0.888,102958428,91525232.00
2021/08/19,0.890,0.904,0.888,0.894,92894724,83212600.00
2021/08/20,0.878,0.881,0.836,0.844,181813252,155011552.00
2021/08/23,0.843,0.870,0.835,0.868,127043381,108655224.00
2021/08/24,0.867,0.887,0.867,0.883,122248728,107650976.00
2021/08/25,0.885,0.893,0.874,0.889,100313240,88953328.00
2021/08/26,0.888,0.891,0.857,0.859,100912216,87476080.00
2021/08/27,0.859,0.879,0.857,0.860,83627530,72487920.00
2021/08/30,0.864,0.876,0.857,0.863,76325255,66042088.00
2021/08/31,0.859,0.874,0.846,0.854,100670979,86317728.00
2021/09/01,0.853,0.871,0.834,0.862,92685686,78880280.00
2021/09/02,0.863,0.864,0.827,0.832,161643418,135669504.00
2021/09/03,0.833,0.839,0.816,0.833,103667511,86018248.00
2021/09/06,0.833,0.879,0.832,0.874,171245638,147204176.00
2021/09/07,0.875,0.876,0.861,0.873,96608138,83740720.00
2021/09/08,0.873,0.877,0.858,0.864,90852823,78598160.00
2021/09/09,0.865,0.872,0.858,0.863,65162036,56195492.00
2021/09/10,0.863,0.863,0.848,0.860,88249730,75467272.00
2021/09/13,0.860,0.876,0.851,0.854,98329503,84585648.00
2021/09/14,0.853,0.869,0.852,0.861,86040251,74319368.00
2021/09/15,0.861,0.861,0.841,0.845,100325954,85177256.00
2021/09/16,0.846,0.850,0.835,0.841,78441141,66123452.00
2021/09/17,0.842,0.887,0.837,0.878,182180709,158098832.00
2021/09/22,0.870,0.896,0.865,0.881,94321440,83154640.00
2021/09/23,0.883,0.890,0.868,0.875,93675887,82212536.00
2021/09/24,0.870,0.892,0.869,0.882,84246017,74258136.00
2021/09/27,0.885,0.906,0.880,0.892,129369528,115631256.00
2021/09/28,0.891,0.902,0.878,0.887,70215012,62443704.00
2021/09/29,0.880,0.886,0.868,0.871,66826133,58404968.00
2021/09/30,0.871,0.887,0.870,0.884,65567004,57747852.00
2021/10/08,0.885,0.885,0.859,0.875,76989922,67236440.00
2021/10/11,0.871,0.885,0.856,0.859,104610204,90879864.00
2021/10/12,0.858,0.870,0.849,0.856,76849717,66073712.00
2021/10/13,0.855,0.874,0.851,0.872,81630740,70426040.00
2021/10/14,0.873,0.877,0.861,0.866,68840522,59711364.00
2021/10/15,0.861,0.865,0.854,0.858,75341207,64670220.00
2021/10/18,0.853,0.856,0.838,0.843,98131721,82910328.00
2021/10/19,0.842,0.861,0.842,0.859,94405829,80740752.00
2021/10/20,0.858,0.861,0.837,0.849,109723505,92944560.00
2021/10/21,0.847,0.857,0.843,0.848,92208502,78292152.00
2021/10/22,0.845,0.859,0.845,0.855,89940971,76738680.00
2021/10/25,0.857,0.863,0.852,0.857,82068908,70299600.00
2021/10/26,0.858,0.860,0.846,0.848,97532717,83016336.00
2021/10/27,0.845,0.848,0.826,0.828,130030332,108709200.00
2021/10/28,0.826,0.840,0.824,0.830,84778524,70443536.00
2021/10/29,0.828,0.846,0.817,0.843,112865032,94087192.00
2021/11/01,0.842,0.847,0.822,0.824,135108620,111850968.00
2021/11/02,0.824,0.828,0.808,0.812,146339519,119815784.00
2021/11/03,0.815,0.830,0.814,0.823,112255916,92367880.00
2021/11/04,0.822,0.828,0.818,0.822,86161356,70826040.00
2021/11/05,0.823,0.832,0.818,0.824,92523625,76535992.00
2021/11/08,0.822,0.823,0.790,0.795,206400205,165042400.00
2021/11/09,0.797,0.806,0.796,0.802,101100241,81089800.00
2021/11/10,0.800,0.827,0.791,0.823,173228557,140454368.00
2021/11/11,0.818,0.829,0.816,0.820,114196604,93868992.00
2021/11/12,0.819,0.823,0.813,0.817,86539403,70772376.00
2021/11/15,0.817,0.835,0.817,0.833,139426431,115610664.00
2021/11/16,0.833,0.864,0.833,0.858,209108817,178233376.00
2021/11/17,0.858,0.870,0.857,0.862,135360458,116789704.00
2021/11/18,0.863,0.863,0.844,0.846,127467212,108577504.00
2021/11/19,0.847,0.848,0.839,0.845,95735138,80709264.00
2021/11/22,0.843,0.846,0.833,0.837,126536249,105811400.00
2021/11/23,0.838,0.844,0.834,0.839,93783165,78586192.00
2021/11/24,0.840,0.848,0.833,0.846,105240309,88461360.00
2021/11/25,0.843,0.862,0.843,0.858,121306521,103398224.00
2021/11/26,0.861,0.870,0.859,0.859,141406008,122226496.00
2021/11/29,0.882,0.895,0.865,0.870,162577520,142836384.00
2021/11/30,0.869,0.869,0.852,0.864,122942233,105736192.00
2021/12/01,0.864,0.864,0.851,0.853,102696905,87830576.00
2021/12/02,0.851,0.853,0.837,0.838,126016558,106458448.00
2021/12/03,0.840,0.846,0.836,0.841,93277311,78341016.00
2021/12/06,0.841,0.841,0.821,0.822,128175593,106363440.00
2021/12/07,0.824,0.831,0.822,0.826,92300006,76188600.00
2021/12/08,0.829,0.837,0.822,0.837,90777596,75381992.00
2021/12/09,0.838,0.858,0.834,0.854,142468596,120672272.00
2021/12/10,0.849,0.855,0.844,0.849,93887410,79731240.00
2021/12/13,0.851,0.856,0.842,0.843,112447505,95359192.00
2021/12/14,0.845,0.856,0.845,0.851,124725647,106369112.00
2021/12/15,0.852,0.852,0.826,0.826,154182552,129435120.00
2021/12/16,0.826,0.834,0.824,0.829,110505109,91522504.00
2021/12/17,0.833,0.838,0.822,0.824,119886715,99335872.00
2021/12/20,0.821,0.829,0.809,0.810,132629703,108540320.00
2021/12/21,0.809,0.816,0.808,0.814,76088705,61711776.00
2021/12/22,0.815,0.816,0.808,0.811,79262101,64264296.00
2021/12/23,0.810,0.814,0.800,0.804,115437133,92866016.00
2021/12/24,0.804,0.807,0.799,0.804,105807303,84918832.00
2021/12/27,0.805,0.807,0.798,0.806,121198510,97102352.00
2021/12/28,0.805,0.813,0.798,0.811,112725723,90811248.00
2021/12/29,0.810,0.821,0.806,0.807,112049926,91135712.00
2021/12/30,0.805,0.813,0.803,0.812,92841805,74980960.00
2021/12/31,0.812,0.816,0.811,0.812,74190505,60306880.00
2022/01/04,0.811,0.811,0.782,0.784,262684824,207113600.00
2022/01/05,0.784,0.784,0.772,0.775,113691326,88267248.00
2022/01/06,0.773,0.776,0.761,0.771,116288364,89281768.00
2022/01/07,0.772,0.776,0.765,0.772,86660920,66823960.00
2022/01/10,0.773,0.786,0.769,0.785,96291512,75187336.00
2022/01/11,0.787,0.789,0.778,0.785,80118726,62788584.00
2022/01/12,0.785,0.800,0.783,0.799,122980463,97856728.00
2022/01/13,0.801,0.801,0.785,0.787,83930303,66517136.00
2022/01/14,0.784,0.807,0.780,0.800,170062625,135135440.00
2022/01/17,0.800,0.805,0.793,0.797,85208006,67958000.00
2022/01/18,0.797,0.797,0.785,0.788,101281610,79964728.00
2022/01/19,0.785,0.785,0.759,0.762,170243552,131016112.00
2022/01/20,0.761,0.768,0.754,0.754,135949067,103150328.00
2022/01/21,0.756,0.757,0.731,0.734,147001891,108699608.00
2022/01/24,0.726,0.735,0.721,0.725,111546406,81138312.00
2022/01/25,0.724,0.730,0.712,0.713,119280718,85952400.00
2022/01/26,0.712,0.716,0.693,0.696,133427703,93587792.00
2022/01/27,0.696,0.698,0.685,0.688,110963025,76677232.00
2022/01/28,0.692,0.694,0.679,0.683,100936609,69288552.00
2022/02/07,0.693,0.702,0.690,0.693,92333508,64250248.00
2022/02/08,0.685,0.685,0.671,0.683,97147622,65821120.00
2022/02/09,0.683,0.690,0.676,0.690,87223219,59453244.00
2022/02/10,0.689,0.690,0.675,0.678,99016606,67400328.00
2022/02/11,0.672,0.675,0.654,0.655,158340965,105050736.00
2022/02/14,0.650,0.666,0.650,0.659,96755707,63897832.00
2022/02/15,0.658,0.685,0.656,0.683,155745206,105035384.00
2022/02/16,0.687,0.694,0.683,0.687,115392200,79456896.00
2022/02/17,0.687,0.692,0.683,0.688,91234900,62810360.00
2022/02/18,0.686,0.695,0.680,0.694,81595925,56184724.00
2022/02/21,0.700,0.703,0.693,0.699,92780013,64657012.00
2022/02/22,0.693,0.693,0.683,0.686,81748116,56107556.00
2022/02/23,0.686,0.697,0.686,0.697,74386306,51571284.00
2022/02/24,0.691,0.703,0.674,0.682,110964117,76840056.00
2022/02/25,0.685,0.708,0.685,0.706,132946115,93378208.00
2022/02/28,0.706,0.710,0.696,0.707,94303117,66336808.00
2022/03/01,0.707,0.715,0.705,0.712,83074907,59023612.00
2022/03/02,0.707,0.708,0.697,0.703,81151028,56869528.00
2022/03/03,0.706,0.710,0.697,0.701,77626338,54531932.00
2022/03/04,0.698,0.710,0.694,0.700,78632211,55424644.00
2022/03/07,0.700,0.700,0.674,0.678,105337014,71886176.00
2022/03/08,0.675,0.682,0.650,0.652,100834610,66714272.00
2022/03/09,0.655,0.655,0.610,0.635,117182863,74714664.00
2022/03/10,0.644,0.664,0.644,0.663,105822807,69414968.00
2022/03/11,0.655,0.690,0.654,0.689,143674034,96264416.00
2022/03/14,0.703,0.707,0.686,0.687,134659207,93840184.00
2022/03/15,0.680,0.688,0.663,0.664,101816801,68960520.00
2022/03/16,0.669,0.685,0.648,0.681,116291743,77208520.00
2022/03/17,0.686,0.721,0.686,0.705,151566287,106754272.00
2022/03/18,0.706,0.720,0.697,0.717,86217489,61103836.00
2022/03/21,0.719,0.727,0.711,0.726,112319617,80750792.00
2022/03/22,0.723,0.723,0.704,0.706,84481408,60029236.00
2022/03/23,0.708,0.722,0.701,0.717,86158003,61474540.00
2022/03/24,0.711,0.744,0.704,0.735,145225263,105467944.00
2022/03/25,0.734,0.735,0.712,0.713,100896827,72852816.00
2022/03/28,0.710,0.713,0.702,0.704,76152228,53826024.00
2022/03/29,0.705,0.718,0.703,0.713,75777527,54038404.00
2022/03/30,0.715,0.725,0.704,0.723,83029818,59547304.00
2022/03/31,0.722,0.732,0.717,0.720,74982613,54206012.00
2022/04/01,0.716,0.716,0.705,0.711,77346912,54917284.00
2022/04/06,0.712,0.723,0.709,0.712,60624403,43308104.00
2022/04/07,0.707,0.714,0.698,0.699,63050327,44419976.00
2022/04/08,0.701,0.701,0.686,0.689,70514741,48861120.00
2022/04/11,0.687,0.694,0.680,0.682,79203121,54356020.00
2022/04/12,0.683,0.697,0.679,0.695,79927017,54960636.00
2022/04/13,0.690,0.691,0.674,0.675,73582002,50066908.00
2022/04/14,0.677,0.682,0.663,0.673,82452330,55537664.00
2022/04/15,0.670,0.695,0.669,0.686,92315932,63234288.00
2022/04/18,0.686,0.689,0.674,0.686,74735207,50938064.00
2022/04/19,0.684,0.688,0.665,0.668,84780400,56965476.00
2022/04/20,0.669,0.670,0.650,0.653,94501301,62229748.00
2022/04/21,0.650,0.655,0.634,0.635,80816546,52159560.00
2022/04/22,0.634,0.637,0.621,0.631,74928115,47070788.00
2022/04/25,0.628,0.628,0.597,0.598,99584112,61238216.00
2022/04/26,0.601,0.616,0.595,0.605,80578406,48978876.00
2022/04/27,0.600,0.615,0.590,0.614,102138910,61479704.00
2022/04/28,0.616,0.616,0.600,0.609,108397400,65874316.00
2022/04/29,0.610,0.624,0.606,0.622,87002602,53570420.00
2022/05/05,0.623,0.632,0.617,0.628,84540744,52900744.00
2022/05/06,0.616,0.623,0.612,0.616,73612142,45325248.00
2022/05/09,0.612,0.621,0.611,0.616,71953800,44370460.00
2022/05/10,0.614,0.624,0.607,0.619,75387329,46445376.00
2022/05/11,0.620,0.648,0.618,0.634,104948610,66968560.00
2022/05/12,0.631,0.649,0.629,0.642,100021406,63898080.00
2022/05/13,0.645,0.650,0.635,0.640,75768702,48504788.00
2022/05/16,0.641,0.643,0.624,0.625,95185801,59877836.00
2022/05/17,0.624,0.625,0.610,0.617,88738247,54581768.00
2022/05/18,0.616,0.620,0.610,0.612,86195502,52845468.00
2022/05/19,0.605,0.610,0.602,0.610,76372401,46308948.00
2022/05/20,0.613,0.630,0.613,0.624,105987817,66019924.00
2022/05/23,0.630,0.633,0.623,0.626,78632922,49307092.00
2022/05/24,0.625,0.628,0.600,0.600,136639221,83562496.00
2022/05/25,0.600,0.604,0.597,0.602,94069621,56331160.00
2022/05/26,0.603,0.604,0.586,0.590,126354604,74679280.00
2022/05/27,0.594,0.606,0.592,0.596,120879206,72662256.00
2022/05/30,0.598,0.602,0.588,0.599,89036000,53038612.00
2022/05/31,0.597,0.609,0.590,0.606,143084042,85493008.00
2022/06/01,0.605,0.612,0.600,0.606,104152170,63173200.00
2022/06/02,0.605,0.605,0.595,0.600,97456542,58312504.00
2022/06/06,0.601,0.616,0.596,0.616,130524512,79320552.00
2022/06/07,0.616,0.628,0.614,0.628,138074401,86068512.00
2022/06/08,0.627,0.645,0.627,0.636,133740612,85028648.00
2022/06/09,0.636,0.639,0.620,0.623,107257030,67422776.00
2022/06/10,0.620,0.630,0.617,0.629,102591304,63951468.00
2022/06/13,0.622,0.622,0.612,0.617,106254505,65480404.00
2022/06/14,0.612,0.621,0.603,0.618,119587223,73177056.00
2022/06/15,0.617,0.635,0.617,0.626,134041220,83918400.00
2022/06/16,0.627,0.642,0.626,0.634,133555604,84919104.00
2022/06/17,0.631,0.655,0.624,0.652,169551522,108089720.00
2022/06/20,0.654,0.668,0.652,0.661,152007930,100110936.00
2022/06/21,0.661,0.667,0.651,0.657,112678010,74392304.00
2022/06/22,0.658,0.664,0.646,0.647,98818703,64726108.00
2022/06/23,0.648,0.651,0.635,0.648,117237830,75219264.00
2022/06/24,0.653,0.668,0.649,0.665,149244589,98792808.00
2022/06/27,0.667,0.686,0.666,0.680,120019620,81560280.00
2022/06/28,0.681,0.681,0.667,0.679,103155005,69320080.00
2022/06/29,0.678,0.696,0.673,0.675,138798412,95214096.00
2022/06/30,0.675,0.698,0.675,0.690,119954014,82840984.00
2022/07/01,0.688,0.697,0.686,0.693,102991204,71205408.00
2022/07/04,0.694,0.729,0.694,0.727,195037930,139632800.00
2022/07/05,0.729,0.737,0.712,0.729,128949809,93281856.00
2022/07/06,0.728,0.740,0.711,0.717,125840218,91444424.00
2022/07/07,0.716,0.718,0.693,0.703,94544104,66405328.00
2022/07/08,0.705,0.716,0.703,0.705,80081207,56741360.00
2022/07/11,0.706,0.713,0.695,0.702,92207526,64755912.00
2022/07/12,0.699,0.705,0.675,0.676,113916103,77929520.00
2022/07/13,0.675,0.680,0.669,0.675,93083902,62706672.00
2022/07/14,0.673,0.697,0.673,0.690,98141816,67571288.00
2022/07/15,0.691,0.691,0.671,0.672,97917836,66844320.00
2022/07/18,0.670,0.673,0.652,0.669,102633015,67905872.00
2022/07/19,0.670,0.672,0.654,0.661,106983905,70694720.00
2022/07/20,0.665,0.674,0.663,0.668,104934397,70070600.00
2022/07/21,0.667,0.673,0.662,0.667,92484302,61682640.00
2022/07/22,0.670,0.675,0.656,0.661,116387409,77562896.00
2022/07/25,0.660,0.665,0.654,0.661,96951411,64009068.00
2022/07/26,0.663,0.667,0.651,0.655,108951501,71383624.00
2022/07/27,0.655,0.656,0.644,0.646,128560501,83141592.00
2022/07/28,0.647,0.648,0.640,0.641,121564775,78220952.00
2022/07/29,0.641,0.641,0.623,0.625,127851666,80607680.00
2022/08/01,0.625,0.625,0.614,0.623,99952500,62091656.00
2022/08/02,0.621,0.621,0.603,0.609,142544109,86931528.00
2022/08/03,0.606,0.619,0.606,0.611,107286112,65599892.00
2022/08/04,0.612,0.625,0.612,0.625,112083197,69602864.00
2022/08/05,0.625,0.646,0.625,0.646,146284001,93284360.00
2022/08/08,0.648,0.648,0.637,0.639,104306521,66964404.00
2022/08/09,0.638,0.639,0.631,0.635,82384507,52210628.00
2022/08/10,0.637,0.637,0.621,0.626,116024738,72895376.00
2022/08/11,0.628,0.646,0.628,0.645,139180823,88841416.00
2022/08/12,0.645,0.651,0.640,0.649,116457497,75290936.00
2022/08/15,0.646,0.647,0.637,0.639,110648404,70835536.00
2022/08/16,0.638,0.639,0.629,0.630,106646911,67579712.00
2022/08/17,0.631,0.638,0.626,0.637,106546601,67448488.00
2022/08/18,0.637,0.637,0.620,0.621,153012833,95649648.00
2022/08/19,0.620,0.623,0.617,0.621,103463406,64050396.00
2022/08/22,0.616,0.621,0.608,0.619,96194900,59225484.00
2022/08/23,0.617,0.620,0.607,0.609,117027380,71304840.00
2022/08/24,0.609,0.613,0.600,0.600,140984007,85334056.00
2022/08/25,0.603,0.607,0.595,0.607,124628719,74915304.00
2022/08/26,0.607,0.616,0.603,0.607,115629063,70554496.00
2022/08/29,0.600,0.603,0.596,0.600,112954501,67697088.00
2022/08/30,0.600,0.602,0.592,0.598,127297701,75869320.00
2022/08/31,0.596,0.611,0.596,0.606,141251301,85330184.00
2022/09/01,0.604,0.615,0.602,0.607,118725902,72499728.00
2022/09/02,0.608,0.616,0.600,0.605,124371511,75464560.00
2022/09/05,0.605,0.606,0.590,0.593,112416007,66848236.00
2022/09/06,0.593,0.595,0.586,0.590,137467100,80879656.00
2022/09/07,0.588,0.590,0.582,0.586,99555503,58283464.00
2022/09/08,0.587,0.590,0.580,0.581,101014178,58998844.00
2022/09/09,0.585,0.593,0.584,0.592,114074310,67361792.00
2022/09/13,0.591,0.592,0.581,0.582,123275628,72076512.00
2022/09/14,0.575,0.579,0.570,0.578,122951057,70606824.00
2022/09/15,0.579,0.588,0.572,0.576,131999014,76568400.00
2022/09/16,0.575,0.576,0.558,0.559,124535152,70462568.00
2022/09/19,0.559,0.562,0.553,0.556,85011109,47325420.00
2022/09/20,0.559,0.559,0.549,0.554,101718526,56253208.00
2022/09/21,0.552,0.552,0.537,0.540,120856006,65397292.00
2022/09/22,0.537,0.540,0.532,0.533,105365076,56444856.00
2022/09/23,0.532,0.537,0.526,0.530,117059294,62305196.00
2022/09/26,0.526,0.532,0.523,0.523,107329437,56671600.00
2022/09/27,0.523,0.549,0.523,0.548,148463324,79557208.00
2022/09/28,0.546,0.553,0.541,0.541,114003006,62283072.00
2022/09/29,0.547,0.566,0.547,0.553,148406300,82807528.00
2022/09/30,0.553,0.561,0.551,0.552,127070901,70575928.00
2022/10/10,0.552,0.558,0.537,0.538,126734416,69351912.00
2022/10/11,0.539,0.541,0.526,0.532,91373705,48539556.00
2022/10/12,0.532,0.536,0.516,0.536,112383222,58895580.00
2022/10/13,0.534,0.557,0.532,0.551,140734111,77377864.00
2022/10/14,0.554,0.605,0.554,0.602,263281017,154436144.00
2022/10/17,0.600,0.621,0.599,0.607,169994940,103953360.00
2022/10/18,0.611,0.618,0.598,0.611,115696609,70467064.00
2022/10/19,0.608,0.609,0.599,0.603,87041001,52513964.00
2022/10/20,0.598,0.618,0.597,0.604,103390308,62828368.00
2022/10/21,0.603,0.608,0.595,0.602,87838500,52815056.00
2022/10/24,0.604,0.608,0.581,0.584,108220202,64084124.00
2022/10/25,0.581,0.587,0.566,0.572,93266301,53575108.00
2022/10/26,0.577,0.611,0.575,0.605,121079010,72750928.00
2022/10/27,0.609,0.611,0.592,0.601,92864301,55573156.00
2022/10/28,0.598,0.607,0.587,0.589,102279101,61004236.00
2022/10/31,0.586,0.594,0.576,0.583,108965504,63585828.00
2022/11/01,0.586,0.607,0.577,0.606,118354825,69882328.00
2022/11/02,0.604,0.633,0.599,0.619,192774725,119838760.00
2022/11/03,0.612,0.620,0.605,0.613,105675104,64533220.00
2022/11/04,0.613,0.633,0.612,0.625,122120003,75886776.00
2022/11/07,0.625,0.631,0.621,0.628,81511743,51015672.00
2022/11/08,0.630,0.630,0.614,0.618,79123900,48884924.00
2022/11/09,0.618,0.623,0.612,0.614,95272415,58724000.00
2022/11/10,0.612,0.620,0.607,0.609,81628100,50078740.00
2022/11/11,0.624,0.633,0.608,0.608,167660843,104546016.00
2022/11/14,0.608,0.630,0.604,0.626,159433340,98987968.00
2022/11/15,0.624,0.628,0.612,0.628,120678819,74774824.00
2022/11/16,0.628,0.642,0.624,0.628,153823800,97059432.00
2022/11/17,0.626,0.632,0.617,0.627,95703900,59828084.00
2022/11/18,0.628,0.645,0.628,0.640,150670318,96296520.00
2022/11/21,0.637,0.643,0.627,0.641,83837523,53303136.00
2022/11/22,0.638,0.647,0.619,0.622,96489495,61073100.00
2022/11/23,0.624,0.624,0.602,0.608,97996304,59662076.00
2022/11/24,0.609,0.615,0.606,0.613,83403200,50954656.00
2022/11/25,0.612,0.612,0.600,0.610,73564401,44593108.00
2022/11/28,0.600,0.607,0.594,0.601,81656705,48897232.00
2022/11/29,0.602,0.618,0.599,0.617,100404404,61345072.00
2022/11/30,0.617,0.617,0.608,0.610,81090145,49680032.00
2022/12/01,0.615,0.620,0.607,0.613,112912309,69180280.00
2022/12/02,0.613,0.615,0.608,0.611,72532000,44409116.00
2022/12/05,0.612,0.614,0.601,0.605,115113701,69727792.00
2022/12/06,0.604,0.608,0.596,0.598,104469923,62913148.00
2022/12/07,0.598,0.604,0.592,0.600,99867706,59744808.00
2022/12/08,0.600,0.602,0.596,0.600,69153200,41408700.00
2022/12/09,0.600,0.607,0.597,0.603,86065264,51780876.00
2022/12/12,0.606,0.612,0.605,0.607,74794954,45548400.00
2022/12/13,0.610,0.614,0.598,0.608,96405700,58300388.00
2022/12/14,0.607,0.609,0.601,0.601,70047612,42287620.00
2022/12/15,0.602,0.605,0.595,0.596,72571290,43490900.00
2022/12/16,0.597,0.603,0.595,0.601,69068787,41391512.00
2022/12/19,0.602,0.603,0.580,0.582,88505483,52015312.00
2022/12/20,0.580,0.582,0.572,0.574,73273103,42184244.00
2022/12/21,0.573,0.578,0.570,0.573,57461510,32981648.00
2022/12/22,0.575,0.584,0.571,0.574,73489213,42484268.00
2022/12/23,0.572,0.583,0.571,0.580,67965503,39200904.00
2022/12/26,0.582,0.585,0.579,0.580,51958000,30211024.00
2022/12/27,0.581,0.583,0.572,0.582,64294600,37031108.00
2022/12/28,0.580,0.588,0.580,0.584,61534802,35969060.00
2022/12/29,0.582,0.600,0.581,0.595,85074105,50458980.00
2022/12/30,0.598,0.601,0.593,0.596,62434900,37331596.00
2023/01/03,0.596,0.603,0.593,0.602,64557712,38658656.00
2023/01/04,0.599,0.608,0.599,0.605,56362405,34055112.00
2023/01/05,0.607,0.628,0.606,0.623,123725148,76589136.00
2023/01/06,0.625,0.625,0.616,0.620,54900712,33986376.00
2023/01/09,0.622,0.626,0.616,0.621,51082704,31712496.00
2023/01/10,0.621,0.634,0.619,0.629,72271404,45415752.00
2023/01/11,0.629,0.638,0.625,0.625,58589045,37016760.00
2023/01/12,0.627,0.630,0.621,0.623,47804301,29859156.00
2023/01/13,0.624,0.639,0.622,0.636,92186573,58262860.00
2023/01/16,0.637,0.672,0.637,0.664,181277117,119753984.00
2023/01/17,0.663,0.665,0.653,0.656,67798918,44681644.00
2023/01/18,0.658,0.658,0.649,0.650,66922702,43635912.00
2023/01/19,0.652,0.671,0.648,0.665,113911126,75029544.00
2023/01/20,0.663,0.673,0.662,0.663,76104306,50759044.00
2023/01/30,0.673,0.674,0.653,0.654,105951314,69838632.00
2023/01/31,0.654,0.657,0.638,0.639,77083702,49804400.00
2023/02/01,0.643,0.644,0.633,0.644,74543802,47595928.00
2023/02/02,0.645,0.658,0.641,0.650,120220715,78261392.00
2023/02/03,0.647,0.651,0.639,0.644,77585300,50052896.00
2023/02/06,0.641,0.641,0.630,0.633,74924100,47574052.00
2023/02/07,0.629,0.639,0.628,0.632,62775700,39800600.00
2023/02/08,0.633,0.640,0.631,0.633,83325400,52997600.00
2023/02/09,0.633,0.640,0.631,0.640,88631000,56369736.00
2023/02/10,0.640,0.643,0.632,0.638,70369400,44892712.00
2023/02/13,0.637,0.649,0.637,0.641,83716519,53771168.00
2023/02/14,0.641,0.644,0.638,0.641,60548549,38781296.00
2023/02/15,0.641,0.643,0.630,0.632,58063413,36868148.00
2023/02/16,0.631,0.637,0.619,0.625,98516328,62146172.00
2023/02/17,0.623,0.630,0.620,0.622,96615809,60466124.00
2023/02/20,0.625,0.633,0.616,0.632,86532116,53994312.00
2023/02/21,0.632,0.633,0.626,0.629,64450051,40537184.00
2023/02/22,0.627,0.633,0.624,0.625,61564208,38660848.00
2023/02/23,0.627,0.631,0.620,0.622,75702111,47259752.00
2023/02/24,0.623,0.623,0.615,0.616,73335806,45321920.00
2023/02/27,0.617,0.618,0.608,0.611,82675359,50563704.00
2023/02/28,0.612,0.619,0.611,0.616,68673136,42226416.00
2023/03/01,0.617,0.619,0.611,0.618,105406810,64936164.00
2023/03/02,0.618,0.618,0.611,0.611,59101220,36303344.00
2023/03/03,0.613,0.620,0.610,0.614,60838300,37375448.00
2023/03/06,0.614,0.615,0.609,0.613,78255111,47884332.00
2023/03/07,0.613,0.616,0.601,0.602,87362443,53132296.00
2023/03/08,0.601,0.602,0.597,0.599,64745700,38813360.00
2023/03/09,0.602,0.605,0.600,0.602,61704605,37191148.00
2023/03/10,0.601,0.609,0.597,0.604,74772302,45120068.00
2023/03/13,0.603,0.603,0.595,0.599,61837716,37013880.00
2023/03/14,0.599,0.607,0.595,0.598,70600503,42420884.00
2023/03/15,0.600,0.607,0.598,0.600,55978667,33732264.00
2023/03/16,0.597,0.600,0.591,0.592,61567100,36656724.00
2023/03/17,0.597,0.597,0.581,0.583,96201941,56493060.00
2023/03/20,0.581,0.582,0.572,0.576,76542912,44124200.00
2023/03/21,0.577,0.595,0.577,0.594,111889201,65925664.00
2023/03/22,0.596,0.600,0.593,0.598,64064390,38245952.00
2023/03/23,0.595,0.600,0.593,0.597,57938908,34523516.00
2023/03/24,0.599,0.601,0.591,0.592,52976306,31524090.00
2023/03/27,0.594,0.606,0.586,0.601,95689206,57188084.00
2023/03/28,0.600,0.601,0.593,0.595,52999315,31638774.00
2023/03/29,0.596,0.597,0.587,0.589,50765505,29961026.00
2023/03/30,0.592,0.592,0.583,0.589,50355111,29584930.00
2023/03/31,0.590,0.590,0.583,0.586,65512304,38342744.00
2023/04/03,0.585,0.586,0.578,0.580,95669055,55585732.00
2023/04/04,0.582,0.583,0.577,0.583,71014203,41207484.00
2023/04/06,0.584,0.589,0.580,0.589,61223505,35867384.00
2023/04/07,0.589,0.608,0.588,0.608,121041389,73012128.00
2023/04/10,0.608,0.618,0.608,0.610,99732443,61207396.00
2023/04/11,0.612,0.615,0.603,0.607,55513504,33768004.00
2023/04/12,0.609,0.614,0.603,0.606,51980501,31519364.00
2023/04/13,0.606,0.621,0.599,0.619,130562103,80180480.00
2023/04/14,0.619,0.630,0.615,0.619,85850019,53314448.00
2023/04/17,0.617,0.624,0.614,0.621,70598208,43738844.00
2023/04/18,0.615,0.619,0.611,0.614,63033016,38721804.00
2023/04/19,0.612,0.614,0.605,0.607,58917804,35792648.00
2023/04/20,0.607,0.608,0.595,0.598,73237700,43936936.00
2023/04/21,0.599,0.600,0.589,0.589,81680202,48559048.00
2023/04/24,0.591,0.599,0.585,0.588,79982909,47356308.00
2023/04/25,0.592,0.592,0.566,0.570,109011101,62616988.00
2023/04/26,0.570,0.575,0.567,0.572,63319550,36201372.00
2023/04/27,0.573,0.578,0.569,0.574,57525304,32957816.00
2023/04/28,0.577,0.582,0.572,0.579,62489101,36064256.00
2023/05/04,0.579,0.582,0.575,0.578,49234115,28474618.00
2023/05/05,0.578,0.578,0.567,0.568,62689602,35732772.00
2023/05/08,0.567,0.570,0.558,0.565,81232603,45696228.00
2023/05/09,0.565,0.565,0.554,0.555,71351708,39847176.00
2023/05/10,0.554,0.559,0.550,0.556,73960804,41060408.00
2023/05/11,0.557,0.566,0.556,0.558,60950702,34197036.00
2023/05/12,0.559,0.563,0.554,0.554,41594100,23181172.00
2023/05/15,0.554,0.567,0.552,0.566,62389322,34879156.00
2023/05/16,0.567,0.574,0.566,0.570,71338714,40698552.00
2023/05/17,0.570,0.571,0.565,0.566,39352003,22302836.00
2023/05/18,0.568,0.570,0.558,0.562,47176003,26540020.00
2023/05/19,0.560,0.570,0.558,0.567,42817603,24181796.00
2023/05/22,0.567,0.573,0.566,0.570,44872001,25521046.00
2023/05/23,0.569,0.578,0.569,0.571,64995726,37362664.00
2023/05/24,0.571,0.571,0.563,0.563,49624612,28069526.00
2023/05/25,0.563,0.565,0.557,0.560,39411706,22076856.00
2023/05/26,0.561,0.567,0.560,0.561,48464411,27283026.00
2023/05/29,0.562,0.566,0.556,0.561,44868808,25121686.00
2023/05/30,0.560,0.563,0.548,0.556,52376350,29050718.00
2023/05/31,0.555,0.559,0.545,0.546,59219059,32575582.00
2023/06/01,0.546,0.556,0.544,0.551,44380402,24434302.00
2023/06/02,0.551,0.554,0.548,0.553,39821101,21959458.00
2023/06/05,0.553,0.553,0.546,0.549,42226514,23140746.00
2023/06/06,0.550,0.550,0.536,0.537,54949695,29743370.00
2023/06/07,0.538,0.540,0.526,0.528,61954310,32955828.00
2023/06/08,0.527,0.528,0.522,0.524,49482303,25963352.00
2023/06/09,0.524,0.532,0.524,0.531,53759606,28426462.00
2023/06/12,0.532,0.533,0.526,0.531,60335308,31968926.00
2023/06/13,0.533,0.534,0.527,0.530,37757917,20004452.00
2023/06/14,0.530,0.535,0.529,0.530,43652400,23214174.00
2023/06/15,0.532,0.542,0.529,0.541,59906109,32135566.00
2023/06/16,0.542,0.547,0.541,0.544,60836815,33050304.00
2023/06/19,0.545,0.545,0.537,0.538,49441952,26704022.00
2023/06/20,0.541,0.541,0.534,0.536,35975213,19342500.00
2023/06/21,0.535,0.535,0.520,0.522,81531301,42784280.00
2023/06/26,0.518,0.522,0.516,0.518,53337113,27642654.00
2023/06/27,0.519,0.525,0.518,0.522,46685708,24302040.00
2023/06/28,0.522,0.522,0.514,0.517,46346701,23941288.00
2023/06/29,0.517,0.520,0.513,0.514,48820022,25189714.00
2023/06/30,0.516,0.524,0.515,0.520,48973017,25485456.00
2023/07/03,0.521,0.526,0.520,0.523,54075601,28271758.00
2023/07/04,0.524,0.533,0.518,0.528,98403510,51738140.00
2023/07/05,0.528,0.530,0.524,0.525,47753114,25113878.00
2023/07/06,0.525,0.526,0.517,0.518,40482710,21071310.00
2023/07/07,0.516,0.519,0.515,0.516,43022301,22215240.00
2023/07/10,0.518,0.526,0.517,0.520,45447707,23691546.00
2023/07/11,0.521,0.524,0.518,0.523,36158112,18848038.00
2023/07/12,0.522,0.525,0.518,0.519,37650204,19650420.00
2023/07/13,0.521,0.531,0.520,0.529,62801906,33081588.00
2023/07/14,0.528,0.529,0.525,0.528,41486502,21860132.00
2023/07/17,0.525,0.527,0.518,0.520,45287306,23573836.00
2023/07/18,0.520,0.523,0.518,0.522,36518213,18999872.00
2023/07/19,0.521,0.524,0.518,0.519,31846804,16553568.00
2023/07/20,0.521,0.524,0.516,0.517,38538903,20024760.00
2023/07/21,0.518,0.528,0.517,0.524,55987302,29348220.00
2023/07/24,0.524,0.531,0.522,0.525,101354700,53378624.00
2023/07/25,0.527,0.531,0.525,0.529,101546701,53738244.00
2023/07/26,0.529,0.541,0.528,0.540,113267921,60928304.00
2023/07/27,0.540,0.543,0.537,0.539,90208905,48760716.00
2023/07/28,0.539,0.548,0.536,0.547,118039516,63921632.00
2023/07/31,0.551,0.552,0.532,0.536,125176317,67829272.00
2023/08/01,0.536,0.544,0.532,0.535,80147800,43169148.00
2023/08/02,0.533,0.535,0.526,0.528,69651407,36895300.00
2023/08/03,0.528,0.536,0.526,0.535,70104304,37301500.00
2023/08/04,0.536,0.538,0.529,0.531,69574001,37001904.00
2023/08/07,0.529,0.529,0.509,0.512,203772902,104822608.00
2023/08/08,0.510,0.515,0.507,0.511,129531026,66190408.00
2023/08/09,0.510,0.527,0.509,0.522,196696102,102387848.00
2023/08/10,0.522,0.526,0.519,0.523,65794510,34310448.00
2023/08/11,0.523,0.527,0.517,0.517,53969917,28177250.00
2023/08/14,0.515,0.518,0.511,0.518,59260606,30483126.00
2023/08/15,0.517,0.517,0.510,0.515,42457507,21790634.00
2023/08/16,0.513,0.523,0.513,0.516,66029003,34271372.00
2023/08/17,0.515,0.519,0.511,0.518,55948103,28814268.00
2023/08/18,0.517,0.518,0.508,0.509,62682115,32118132.00
2023/08/21,0.508,0.511,0.502,0.504,59751301,30265066.00
2023/08/22,0.505,0.509,0.492,0.499,63995410,31799060.00
2023/08/23,0.497,0.499,0.490,0.491,49616020,24535996.00
2023/08/24,0.492,0.505,0.490,0.502,66731002,33284636.00
2023/08/25,0.500,0.506,0.497,0.498,47032704,23544358.00
2023/08/28,0.522,0.525,0.502,0.503,71564060,36656480.00
2023/08/29,0.502,0.516,0.502,0.514,78540979,40130536.00
2023/08/30,0.515,0.518,0.512,0.515,66360302,34158080.00
2023/08/31,0.515,0.515,0.510,0.513,48565127,24866432.00
2023/09/01,0.512,0.514,0.507,0.508,47275602,24035280.00
2023/09/04,0.510,0.514,0.507,0.511,48722701,24860876.00
2023/09/05,0.511,0.511,0.507,0.509,30396700,15474070.00
2023/09/06,0.508,0.508,0.499,0.502,62118215,31187918.00
2023/09/07,0.502,0.502,0.492,0.493,73441301,36343164.00
2023/09/08,0.492,0.496,0.491,0.494,52749303,26077630.00
2023/09/11,0.496,0.509,0.495,0.507,80144490,40487240.00
2023/09/12,0.507,0.510,0.504,0.507,34347900,17444140.00
2023/09/13,0.507,0.510,0.501,0.504,105313223,53092280.00
2023/09/14,0.505,0.507,0.500,0.504,94044300,47357768.00
2023/09/15,0.505,0.519,0.503,0.515,83604497,42914488.00
2023/09/18,0.515,0.523,0.514,0.521,61547178,32026652.00
2023/09/19,0.521,0.524,0.518,0.520,34188817,17788022.00
2023/09/20,0.521,0.521,0.517,0.518,29152701,15121604.00
2023/09/21,0.518,0.518,0.511,0.512,30263213,15531189.00
2023/09/22,0.512,0.519,0.507,0.518,37863706,19432568.00
2023/09/25,0.518,0.527,0.517,0.525,61597408,32270204.00
2023/09/26,0.525,0.525,0.520,0.520,34879713,18207510.00
2023/09/27,0.520,0.537,0.520,0.534,97994013,52145980.00
2023/09/28,0.533,0.537,0.529,0.529,37702025,20055724.00
2023/10/09,0.531,0.538,0.527,0.537,51850274,27676982.00
2023/10/10,0.538,0.539,0.528,0.529,35858108,19066864.00
2023/10/11,0.529,0.549,0.529,0.542,91704902,49803824.00
2023/10/12,0.544,0.549,0.540,0.545,47260606,25717762.00
2023/10/13,0.542,0.549,0.541,0.546,43648101,23813238.00
2023/10/16,0.546,0.549,0.536,0.536,45274700,24467752.00
2023/10/17,0.539,0.541,0.531,0.537,38121009,20370680.00
2023/10/18,0.536,0.536,0.527,0.528,42336712,22438212.00
2023/10/19,0.526,0.528,0.521,0.521,46904101,24563296.00
2023/10/20,0.520,0.522,0.511,0.514,44590325,22957208.00
2023/10/23,0.515,0.516,0.506,0.511,48121311,24579932.00
2023/10/24,0.513,0.518,0.508,0.516,43260626,22193726.00
2023/10/25,0.519,0.521,0.511,0.512,44873302,23167580.00
2023/10/26,0.511,0.515,0.509,0.514,34224924,17485398.00
2023/10/27,0.514,0.539,0.511,0.534,83811802,44244196.00
2023/10/30,0.536,0.556,0.535,0.552,208868136,115333176.00
2023/10/31,0.553,0.556,0.546,0.552,53475007,29514312.00
2023/11/01,0.553,0.553,0.543,0.550,32943803,18046942.00
2023/11/02,0.549,0.556,0.548,0.548,39635702,21867370.00
2023/11/03,0.548,0.555,0.547,0.551,56912901,31352922.00
2023/11/06,0.554,0.569,0.554,0.565,77633520,43749964.00
2023/11/07,0.563,0.570,0.562,0.564,44414504,25129250.00
2023/11/08,0.563,0.574,0.562,0.570,49393007,28151590.00
2023/11/09,0.570,0.574,0.561,0.563,42254507,23935868.00
2023/11/10,0.560,0.567,0.557,0.564,31566701,17741074.00
2023/11/13,0.564,0.567,0.555,0.558,43980101,24527058.00
2023/11/14,0.558,0.562,0.555,0.558,30157100,16825048.00
2023/11/15,0.564,0.567,0.560,0.563,34389014,19360316.00
2023/11/16,0.562,0.565,0.555,0.555,34032003,18978034.00
2023/11/17,0.556,0.559,0.553,0.558,39421516,21912248.00
2023/11/20,0.559,0.567,0.557,0.564,38944710,21913728.00
2023/11/21,0.567,0.570,0.564,0.566,34342921,19472812.00
2023/11/22,0.566,0.566,0.557,0.558,27926717,15655772.00
2023/11/23,0.558,0.561,0.556,0.560,24652823,13760683.00
2023/11/24,0.559,0.566,0.558,0.559,33912100,18981098.00
2023/11/27,0.557,0.558,0.551,0.556,40655802,22539858.00
2023/11/28,0.554,0.566,0.553,0.565,55332202,31152294.00
2023/11/29,0.564,0.568,0.560,0.561,28118403,15863082.00
2023/11/30,0.561,0.570,0.560,0.568,52434057,29697626.00
2023/12/01,0.567,0.570,0.560,0.567,31360558,17692348.00
2023/12/04,0.566,0.566,0.549,0.551,50701310,28118824.00
2023/12/05,0.550,0.553,0.543,0.544,46189300,25338016.00
2023/12/06,0.545,0.552,0.541,0.547,42372904,23158596.00
2023/12/07,0.547,0.547,0.540,0.542,32255613,17483846.00
2023/12/08,0.544,0.548,0.539,0.545,60849204,33113410.00
2023/12/11,0.545,0.551,0.539,0.548,48773603,26510444.00
2023/12/12,0.549,0.550,0.542,0.545,29973901,16340458.00
2023/12/13,0.544,0.549,0.541,0.542,29416649,16032633.00
2023/12/14,0.543,0.549,0.541,0.542,25453620,13867789.00
2023/12/15,0.542,0.546,0.530,0.533,40382302,21673440.00
2023/12/18,0.530,0.537,0.529,0.531,35804212,19055964.00
2023/12/19,0.530,0.530,0.523,0.526,32404020,17038108.00
2023/12/20,0.527,0.533,0.523,0.524,31577300,16646386.00
2023/12/21,0.523,0.527,0.520,0.524,32666515,17113848.00
2023/12/22,0.523,0.525,0.518,0.519,40732000,21215058.00
2023/12/25,0.520,0.525,0.519,0.523,32204400,16814048.00
2023/12/26,0.523,0.524,0.516,0.518,32015902,16634230.00
2023/12/27,0.522,0.523,0.517,0.521,31983302,16635880.00
2023/12/28,0.521,0.531,0.519,0.529,44838892,23600298.00
2023/12/29,0.529,0.537,0.529,0.533,47357496,25282004.00
2024/01/02,0.536,0.536,0.524,0.527,38144816,20152336.00
2024/01/03,0.528,0.531,0.523,0.525,44088600,23164380.00
2024/01/04,0.524,0.524,0.515,0.521,35785206,18539102.00
2024/01/05,0.520,0.520,0.508,0.510,44825800,23040690.00
2024/01/08,0.513,0.513,0.501,0.502,31016100,15661820.00
2024/01/09,0.502,0.507,0.500,0.502,37623769,18898918.00
2024/01/10,0.502,0.505,0.497,0.498,31339007,15667449.00
2024/01/11,0.505,0.505,0.496,0.503,35247701,17663582.00
2024/01/12,0.502,0.503,0.495,0.495,40944800,20405952.00
2024/01/15,0.497,0.500,0.492,0.494,35281100,17473876.00
2024/01/16,0.493,0.495,0.485,0.492,43671218,21361630.00
2024/01/17,0.491,0.492,0.478,0.479,56296812,27258988.00
2024/01/18,0.475,0.482,0.467,0.482,54261605,25642312.00
2024/01/19,0.481,0.485,0.478,0.480,40936506,19689218.00
2024/01/22,0.480,0.480,0.460,0.463,48906810,23021258.00
2024/01/23,0.462,0.470,0.460,0.466,74115701,34521156.00
2024/01/24,0.468,0.471,0.455,0.469,51722401,23922634.00
2024/01/25,0.469,0.477,0.465,0.476,49483862,23344982.00
2024/01/26,0.476,0.477,0.458,0.461,67935716,31811610.00
2024/01/29,0.460,0.463,0.445,0.447,56845655,25685220.00
2024/01/30,0.444,0.446,0.437,0.437,45645120,20150776.00
2024/01/31,0.435,0.435,0.422,0.423,57844821,24705656.00
2024/02/01,0.423,0.434,0.419,0.427,50150906,21396816.00
2024/02/02,0.427,0.430,0.399,0.408,87483606,35954728.00
2024/02/05,0.404,0.419,0.391,0.408,84085394,33860004.00
2024/02/06,0.406,0.446,0.404,0.444,88806003,38168456.00
2024/02/07,0.447,0.464,0.446,0.461,83339098,38237836.00
2024/02/08,0.463,0.472,0.459,0.463,54543994,25357896.00
2024/02/19,0.464,0.465,0.454,0.461,38680412,17737232.00
2024/02/20,0.460,0.467,0.457,0.464,44274203,20442104.00
2024/02/21,0.463,0.474,0.459,0.467,56492365,26488562.00
2024/02/22,0.465,0.468,0.463,0.468,42464600,19759192.00
2024/02/23,0.470,0.470,0.463,0.468,35109968,16324637.00
2024/02/26,0.465,0.474,0.463,0.470,46570753,21864450.00
2024/02/27,0.469,0.476,0.467,0.476,38075416,17937710.00
2024/02/28,0.477,0.489,0.467,0.467,62772935,30186636.00
2024/02/29,0.466,0.477,0.464,0.477,48939001,23110652.00
2024/03/01,0.478,0.478,0.470,0.478,45359007,21525922.00
2024/03/04,0.477,0.494,0.476,0.488,124297614,60339296.00
2024/03/05,0.486,0.486,0.481,0.484,70933406,34301376.00
2024/03/06,0.482,0.485,0.477,0.482,43785118,21084034.00
2024/03/07,0.477,0.477,0.462,0.464,60890243,28554488.00
2024/03/08,0.464,0.467,0.459,0.463,40862114,18878380.00
2024/03/11,0.461,0.477,0.461,0.477,64124018,30165758.00
2024/03/12,0.477,0.489,0.477,0.488,66266647,32165116.00
2024/03/13,0.487,0.488,0.480,0.485,36726907,17794980.00
2024/03/14,0.499,0.505,0.483,0.486,69563702,34458160.00
2024/03/15,0.485,0.492,0.478,0.483,40220100,19409982.00
2024/03/18,0.483,0.490,0.478,0.489,36143427,17519750.00
2024/03/19,0.489,0.489,0.482,0.484,37329500,18106702.00
2024/03/20,0.482,0.483,0.476,0.481,48376203,23188426.00
2024/03/21,0.481,0.481,0.474,0.476,43271621,20633136.00
2024/03/22,0.475,0.475,0.463,0.465,60777003,28382304.00
2024/03/25,0.465,0.471,0.462,0.462,35768202,16732131.00
2024/03/26,0.462,0.463,0.457,0.461,34893307,16029689.00
2024/03/27,0.461,0.461,0.453,0.454,38783322,17702026.00
2024/03/28,0.453,0.460,0.450,0.455,39277306,17881896.00
2024/03/29,0.455,0.456,0.450,0.455,40190023,18191118.00
2024/04/01,0.456,0.465,0.456,0.464,42106117,19410284.00
2024/04/02,0.464,0.464,0.456,0.459,42508707,19465266.00
2024/04/03,0.460,0.460,0.454,0.455,54872805,25080134.00
2024/04/08,0.455,0.455,0.446,0.447,54466660,24457012.00
2024/04/09,0.447,0.456,0.443,0.455,47561921,21364480.00
2024/04/10,0.453,0.455,0.446,0.447,42544121,19109986.00
2024/04/11,0.445,0.449,0.443,0.444,39682100,17675576.00
2024/04/12,0.445,0.449,0.440,0.440,41572904,18431286.00
2024/04/15,0.441,0.447,0.438,0.443,49580701,21935140.00
2024/04/16,0.442,0.442,0.433,0.434,48375122,21154464.00
2024/04/17,0.435,0.442,0.433,0.439,39327220,17180154.00
2024/04/18,0.439,0.444,0.435,0.436,43032170,18883520.00
2024/04/19,0.435,0.435,0.427,0.432,35726555,15406522.00
2024/04/22,0.432,0.439,0.430,0.435,45850917,19945774.00
2024/04/23,0.434,0.439,0.428,0.439,152186115,66294248.00
2024/04/24,0.439,0.439,0.434,0.437,33998813,14837522.00
2024/04/25,0.437,0.444,0.435,0.439,38186702,16792698.00
2024/04/26,0.437,0.450,0.437,0.450,47417708,21168754.00
2024/04/29,0.452,0.464,0.450,0.460,43499886,19908822.00
2024/04/30,0.461,0.462,0.455,0.459,36345032,16685376.00
2024/05/06,0.464,0.475,0.464,0.473,54660400,25761076.00
2024/05/07,0.471,0.475,0.470,0.473,43759703,20684496.00
2024/05/08,0.471,0.475,0.467,0.470,66156004,31085256.00
2024/05/09,0.469,0.475,0.466,0.473,36969021,17451944.00
2024/05/10,0.474,0.474,0.467,0.469,33740305,15819994.00
2024/05/13,0.471,0.472,0.462,0.464,49789016,23202410.00
2024/05/14,0.463,0.470,0.462,0.468,40512766,18932856.00
2024/05/15,0.466,0.466,0.459,0.460,30532967,14081231.00
2024/05/16,0.461,0.462,0.457,0.459,31054200,14258100.00
2024/05/17,0.460,0.462,0.454,0.459,46716257,21349462.00
2024/05/20,0.458,0.461,0.455,0.458,39872402,18247688.00
2024/05/21,0.457,0.457,0.451,0.452,33475910,15167990.00
2024/05/22,0.453,0.454,0.449,0.453,36644413,16547597.00
2024/05/23,0.453,0.453,0.445,0.447,36819200,16469236.00
2024/05/24,0.447,0.448,0.439,0.440,42789336,18924028.00
2024/05/27,0.441,0.442,0.432,0.441,39128101,17102534.00
2024/05/28,0.441,0.442,0.436,0.439,29333401,12873442.00
2024/05/29,0.439,0.441,0.436,0.438,31322908,13733621.00
2024/05/30,0.436,0.440,0.434,0.437,37960803,16571202.00
2024/05/31,0.437,0.442,0.436,0.437,32361900,14175725.00
2024/06/03,0.437,0.438,0.431,0.434,34895712,15128093.00
2024/06/04,0.433,0.442,0.432,0.441,39975403,17532626.00
2024/06/05,0.441,0.447,0.440,0.442,34068927,15121872.00
2024/06/06,0.442,0.444,0.436,0.438,37759120,16573598.00
2024/06/07,0.438,0.439,0.432,0.434,31408302,13655228.00
2024/06/11,0.433,0.440,0.429,0.439,43543313,18954794.00
2024/06/12,0.438,0.444,0.436,0.439,36406628,16027665.00
2024/06/13,0.439,0.440,0.436,0.438,41875400,18371672.00
2024/06/14,0.437,0.438,0.428,0.434,51495101,22241932.00
2024/06/17,0.432,0.435,0.429,0.433,34199002,14819852.00
2024/06/18,0.433,0.435,0.428,0.430,33245409,14305123.00
2024/06/19,0.429,0.430,0.424,0.425,40601903,17281682.00
2024/06/20,0.425,0.429,0.419,0.419,45712802,19288534.00
2024/06/21,0.419,0.422,0.416,0.420,60311800,25272896.00
2024/06/24,0.416,0.419,0.412,0.413,35157311,14612778.00
2024/06/25,0.413,0.415,0.408,0.410,45805821,18840384.00
2024/06/26,0.412,0.419,0.409,0.418,37955704,15707446.00
2024/06/27,0.418,0.418,0.409,0.411,30612311,12595325.00
2024/06/28,0.413,0.414,0.406,0.408,33801794,13853639.00
2024/07/01,0.408,0.409,0.400,0.407,56733052,22987240.00
2024/07/02,0.406,0.408,0.402,0.403,39025105,15789589.00
2024/07/03,0.403,0.406,0.400,0.402,30604500,12321706.00
2024/07/04,0.402,0.403,0.394,0.396,44474924,17660274.00
2024/07/05,0.395,0.408,0.392,0.406,59805316,23920742.00
2024/07/08,0.404,0.405,0.394,0.395,36021009,14350577.00
2024/07/09,0.395,0.399,0.390,0.397,42155122,16576063.00
2024/07/10,0.396,0.403,0.395,0.399,43570401,17414392.00
2024/07/11,0.404,0.410,0.400,0.408,43633686,17715958.00
2024/07/12,0.407,0.412,0.407,0.409,40415501,16544728.00
2024/07/15,0.408,0.409,0.403,0.405,52992608,21456356.00
2024/07/16,0.404,0.407,0.402,0.406,28845500,11682502.00
2024/07/17,0.406,0.417,0.406,0.415,74546219,30819292.00
2024/07/18,0.414,0.418,0.411,0.417,38540888,16012932.00
2024/07/19,0.417,0.420,0.413,0.418,46239831,19270240.00
2024/07/22,0.418,0.424,0.415,0.421,37773604,15886915.00
2024/07/23,0.420,0.420,0.405,0.405,48355603,19870914.00
2024/07/24,0.405,0.409,0.399,0.399,38763120,15600530.00
2024/07/25,0.398,0.404,0.397,0.401,59241700,23729090.00
2024/07/26,0.402,0.403,0.397,0.401,36134504,14449107.00
2024/07/29,0.401,0.401,0.394,0.394,32939206,13058441.00
2024/07/30,0.395,0.398,0.392,0.394,45739942,18030118.00
2024/07/31,0.394,0.414,0.392,0.414,78056119,31751302.00
2024/08/01,0.413,0.416,0.408,0.410,36492200,14996163.00
2024/08/02,0.408,0.420,0.407,0.412,51727901,21495512.00
2024/08/05,0.411,0.423,0.410,0.410,58109405,24134468.00
2024/08/06,0.413,0.419,0.413,0.418,44463004,18482826.00
2024/08/07,0.417,0.417,0.412,0.415,30521500,12654742.00
2024/08/08,0.413,0.419,0.412,0.414,34376202,14284323.00
2024/08/09,0.415,0.418,0.407,0.408,33758200,13845550.00
数据来源:通达信
