159766 旅游ETF 日线 不复权
      日期	    开盘	    最高	    最低	    收盘	    成交量	    成交额
2021/07/23,0.977,0.978,0.956,0.961,30339352,29199790.00
2021/07/26,0.970,0.970,0.914,0.920,16920202,15751383.00
2021/07/27,0.930,0.930,0.903,0.910,11296459,10303335.00
2021/07/28,0.910,0.910,0.876,0.878,13399624,11865715.00
2021/07/29,0.878,0.886,0.870,0.871,9403524,8233531.00
2021/07/30,0.868,0.868,0.836,0.838,14205035,11980852.00
2021/08/02,0.800,0.846,0.800,0.840,13459927,11119917.00
2021/08/03,0.833,0.862,0.833,0.855,8034311,6845856.50
2021/08/04,0.857,0.857,0.841,0.848,5630837,4765092.50
2021/08/05,0.845,0.864,0.840,0.851,3982907,3401209.00
2021/08/06,0.854,0.854,0.838,0.843,2779425,2341609.25
2021/08/09,0.843,0.876,0.841,0.873,10318113,8961194.00
2021/08/10,0.870,0.882,0.860,0.881,4994810,4344783.50
2021/08/11,0.882,0.887,0.877,0.880,4959605,4374391.00
2021/08/12,0.881,0.882,0.870,0.871,2769716,2425200.25
2021/08/13,0.875,0.879,0.868,0.874,4809920,4190985.25
2021/08/16,0.874,0.903,0.874,0.898,12258938,10962268.00
2021/08/17,0.889,0.917,0.889,0.900,17444145,15809581.00
2021/08/18,0.899,0.915,0.891,0.908,12538209,11332459.00
2021/08/19,0.908,0.908,0.886,0.900,9482111,8493730.00
2021/08/20,0.888,0.898,0.883,0.892,10344613,9198931.00
2021/08/23,0.891,0.909,0.888,0.901,10138204,9140945.00
2021/08/24,0.900,0.911,0.898,0.910,10038710,9092704.00
2021/08/25,0.919,0.935,0.909,0.928,22301618,20704296.00
2021/08/26,0.925,0.938,0.911,0.933,17485519,16174653.00
2021/08/27,0.933,0.934,0.919,0.922,17158105,15849357.00
2021/08/30,0.922,0.927,0.916,0.925,13475907,12408902.00
2021/08/31,0.926,0.931,0.914,0.929,14254207,13152378.00
2021/09/01,0.927,0.958,0.924,0.951,21133324,20017202.00
2021/09/02,0.959,0.961,0.940,0.948,17886512,16970884.00
2021/09/03,0.945,0.980,0.934,0.978,36948540,35622084.00
2021/09/06,0.982,0.989,0.965,0.984,30765382,30151912.00
2021/09/07,0.988,0.993,0.982,0.993,26577933,26241660.00
2021/09/08,0.993,0.999,0.985,0.995,21726059,21557276.00
2021/09/09,0.996,0.999,0.987,0.994,19816925,19666680.00
2021/09/10,0.999,1.027,0.996,1.010,53469678,54272424.00
2021/09/13,0.999,0.999,0.960,0.966,51503977,49929656.00
2021/09/14,0.956,0.967,0.943,0.949,35288031,33715548.00
2021/09/15,0.941,0.945,0.921,0.926,28668315,26645138.00
2021/09/16,0.916,0.937,0.916,0.926,25194410,23372406.00
2021/09/17,0.925,0.938,0.912,0.935,31133037,28747004.00
2021/09/22,0.922,0.927,0.906,0.918,27795808,25449826.00
2021/09/23,0.918,0.929,0.917,0.927,21565002,19953548.00
2021/09/24,0.929,0.942,0.925,0.938,36178842,33828888.00
2021/09/27,0.938,0.948,0.930,0.937,27682742,26022418.00
2021/09/28,0.934,0.942,0.919,0.938,15094621,14070275.00
2021/09/29,0.935,0.935,0.921,0.928,15733302,14573192.00
2021/09/30,0.927,0.942,0.927,0.938,23082313,21598526.00
2021/10/08,0.950,0.988,0.950,0.974,46372985,45254948.00
2021/10/11,0.966,0.988,0.966,0.985,19237822,18875660.00
2021/10/12,0.984,0.996,0.977,0.986,20270846,19990848.00
2021/10/13,0.986,1.007,0.980,1.005,26527881,26419890.00
2021/10/14,1.005,1.039,0.999,1.026,64423562,66202832.00
2021/10/15,1.025,1.035,1.017,1.024,27210030,27861346.00
2021/10/18,1.015,1.015,0.996,1.003,34661115,34837724.00
2021/10/19,0.989,1.001,0.986,0.993,26258089,26047538.00
2021/10/20,0.988,0.998,0.968,0.985,24398903,23866050.00
2021/10/21,0.979,0.989,0.971,0.981,19375117,18974352.00
2021/10/22,0.985,0.989,0.975,0.982,12249744,12030308.00
2021/10/25,0.963,0.975,0.950,0.975,21219603,20468788.00
2021/10/26,0.970,0.987,0.970,0.975,16020018,15678740.00
2021/10/27,0.973,0.980,0.966,0.969,10190501,9907413.00
2021/10/28,0.965,0.983,0.965,0.974,16535526,16152406.00
2021/10/29,0.970,0.999,0.969,0.994,28728142,28264852.00
2021/11/01,0.988,0.988,0.945,0.964,28388409,27210118.00
2021/11/02,0.963,0.963,0.930,0.940,23508708,22265990.00
2021/11/03,0.934,0.950,0.934,0.944,11782600,11133522.00
2021/11/04,0.944,0.950,0.938,0.948,14063900,13292826.00
2021/11/05,0.938,0.950,0.938,0.943,11786202,11122615.00
2021/11/08,0.960,1.008,0.960,0.992,46191156,45789528.00
2021/11/09,0.981,0.994,0.976,0.990,19180623,18904306.00
2021/11/10,0.989,0.989,0.966,0.985,21698000,21172560.00
2021/11/11,0.986,0.995,0.979,0.993,19627801,19403950.00
2021/11/12,0.995,1.008,0.985,1.006,24620432,24579862.00
2021/11/15,1.006,1.015,0.990,1.012,27057417,27089034.00
2021/11/16,1.016,1.017,1.002,1.005,25828930,26065150.00
2021/11/17,1.000,1.017,0.999,1.003,26322358,26522378.00
2021/11/18,0.999,1.003,0.984,0.987,27201210,26969822.00
2021/11/19,0.987,0.989,0.977,0.986,17699400,17382880.00
2021/11/22,0.981,0.987,0.978,0.987,24842004,24414980.00
2021/11/23,0.998,0.999,0.975,0.978,39330500,38691536.00
2021/11/24,0.971,0.978,0.965,0.976,24590005,23879974.00
2021/11/25,0.975,0.977,0.967,0.969,26288500,25567822.00
2021/11/26,0.962,0.962,0.946,0.953,40633900,38606300.00
2021/11/29,0.931,0.931,0.904,0.920,52546317,48346252.00
2021/11/30,0.920,0.925,0.911,0.915,29249100,26894572.00
2021/12/01,0.920,0.925,0.909,0.925,33988805,31211130.00
2021/12/02,0.925,0.926,0.914,0.916,32907100,30282622.00
2021/12/03,0.923,0.930,0.918,0.930,33653502,31042148.00
2021/12/06,0.925,0.930,0.921,0.927,28876000,26749724.00
2021/12/07,0.940,0.956,0.933,0.953,51914705,49199548.00
2021/12/08,0.952,0.955,0.941,0.954,37907316,35989908.00
2021/12/09,0.957,0.977,0.957,0.974,51845809,50264044.00
2021/12/10,0.966,0.972,0.964,0.967,32565000,31513782.00
2021/12/13,0.966,0.966,0.956,0.960,37808202,36300956.00
2021/12/14,0.950,0.954,0.946,0.953,40416302,38316216.00
2021/12/15,0.953,0.953,0.942,0.942,29733400,28156566.00
2021/12/16,0.942,0.956,0.937,0.956,33309000,31461484.00
2021/12/17,0.954,0.955,0.936,0.940,32622915,30723608.00
2021/12/20,0.931,0.937,0.925,0.926,35288200,32890652.00
2021/12/21,0.929,0.954,0.928,0.954,48933701,46366704.00
2021/12/22,0.958,0.972,0.958,0.962,46355100,44784784.00
2021/12/23,0.956,0.966,0.946,0.950,33525500,32017836.00
2021/12/24,0.950,0.970,0.943,0.970,45191011,43032220.00
2021/12/27,0.961,0.984,0.958,0.984,40382809,39327044.00
2021/12/28,0.982,0.984,0.975,0.979,36432600,35714768.00
2021/12/29,0.980,1.004,0.979,0.993,156470954,155344576.00
2021/12/30,0.984,1.002,0.984,1.000,44015709,43710260.00
2021/12/31,1.000,1.006,0.996,1.003,51567458,51598964.00
2022/01/04,1.005,1.037,0.998,1.030,157696332,161721248.00
2022/01/05,1.030,1.045,1.026,1.033,68247907,70737624.00
2022/01/06,1.017,1.030,1.014,1.023,104774317,107418832.00
2022/01/07,1.020,1.035,1.015,1.020,45598483,46843500.00
2022/01/10,1.013,1.027,0.989,1.024,55525852,56076856.00
2022/01/11,1.020,1.029,1.014,1.016,51786113,52878948.00
2022/01/12,1.010,1.044,1.010,1.040,152265271,158162272.00
2022/01/13,1.040,1.044,1.028,1.029,142367814,147434752.00
2022/01/14,1.020,1.029,1.006,1.009,144669070,146458352.00
2022/01/17,1.010,1.010,0.995,1.003,188190500,188953616.00
2022/01/18,1.002,1.014,0.992,1.013,54553300,54527760.00
2022/01/19,1.008,1.029,1.004,1.018,94867704,96703888.00
2022/01/20,1.018,1.044,1.016,1.038,70634822,73095456.00
2022/01/21,1.061,1.077,1.050,1.050,106338284,112845056.00
2022/01/24,1.044,1.075,1.042,1.057,79134416,83872384.00
2022/01/25,1.042,1.087,1.042,1.063,90303589,96700032.00
2022/01/26,1.053,1.062,1.030,1.039,162004217,169195104.00
2022/01/27,1.030,1.040,1.014,1.015,58486505,60095224.00
2022/01/28,1.013,1.053,1.013,1.048,71901800,74177416.00
2022/02/07,1.049,1.049,1.014,1.041,82381503,85170648.00
2022/02/08,1.030,1.077,1.030,1.076,99557407,105931992.00
2022/02/09,1.069,1.096,1.066,1.092,87356676,94484024.00
2022/02/10,1.095,1.140,1.088,1.139,93615730,105067320.00
2022/02/11,1.131,1.164,1.124,1.132,108049524,123163056.00
2022/02/14,1.135,1.153,1.108,1.123,111094502,125263576.00
2022/02/15,1.111,1.112,1.083,1.092,99816209,108896848.00
2022/02/16,1.094,1.111,1.088,1.102,72594100,79623888.00
2022/02/17,1.094,1.097,1.065,1.073,102288704,109823416.00
2022/02/18,1.062,1.089,1.061,1.088,88790506,95893008.00
2022/02/21,1.081,1.091,1.069,1.086,91012200,98383000.00
2022/02/22,1.080,1.080,1.047,1.053,110696407,117133640.00
2022/02/23,1.051,1.060,1.039,1.044,113901200,118921016.00
2022/02/24,1.031,1.045,1.008,1.020,103350602,106210336.00
2022/02/25,1.029,1.033,1.020,1.024,76560002,78546472.00
2022/02/28,1.018,1.021,1.001,1.020,126967700,128567096.00
2022/03/01,1.016,1.043,1.016,1.041,142646700,147796880.00
2022/03/02,1.036,1.040,1.029,1.031,85201672,88008160.00
2022/03/03,1.034,1.075,1.034,1.068,163758371,173945104.00
2022/03/04,1.056,1.073,1.051,1.064,150386221,160013344.00
2022/03/07,1.045,1.049,0.987,0.991,151748800,153410128.00
2022/03/08,0.983,1.011,0.962,0.966,107811086,106556208.00
2022/03/09,0.969,0.973,0.914,0.954,119453420,113698264.00
2022/03/10,0.972,0.977,0.956,0.958,88315300,85108920.00
2022/03/11,0.936,0.978,0.921,0.970,153675800,145619168.00
2022/03/14,0.930,0.945,0.909,0.909,218224606,203269936.00
2022/03/15,0.901,0.914,0.862,0.866,228878414,201651168.00
2022/03/16,0.893,0.953,0.893,0.952,216738700,199630272.00
2022/03/17,0.969,0.989,0.945,0.968,217763800,210789344.00
2022/03/18,0.950,0.994,0.950,0.992,143821100,141376192.00
2022/03/21,0.976,0.995,0.974,0.991,102692904,100951280.00
2022/03/22,0.959,0.987,0.959,0.974,174308804,170205040.00
2022/03/23,0.971,0.973,0.959,0.970,114952400,111115608.00
2022/03/24,0.959,0.969,0.952,0.954,82655300,79190408.00
2022/03/25,0.953,0.959,0.935,0.940,113301900,106820592.00
2022/03/28,0.919,0.943,0.911,0.932,95652201,88897080.00
2022/03/29,0.930,0.950,0.926,0.929,81028058,75917944.00
2022/03/30,0.935,0.965,0.928,0.963,112262600,106641912.00
2022/03/31,0.958,0.969,0.939,0.944,130423900,124326064.00
2022/04/01,0.934,0.987,0.930,0.986,136988609,133347744.00
2022/04/06,0.970,0.991,0.967,0.981,143794800,140843888.00
2022/04/07,0.977,0.987,0.961,0.963,123831700,120429720.00
2022/04/08,0.962,0.972,0.941,0.972,112922631,108097488.00
2022/04/11,0.962,0.962,0.931,0.936,110897009,104880880.00
2022/04/12,0.931,1.024,0.931,1.023,305526989,302017536.00
2022/04/13,1.000,1.012,0.983,0.985,305869100,305598336.00
2022/04/14,0.999,1.025,0.989,1.009,257034710,259420576.00
2022/04/15,0.998,1.019,0.993,0.997,145255800,146180112.00
2022/04/18,0.988,1.010,0.980,1.003,148857603,148846576.00
2022/04/19,1.001,1.012,0.987,0.994,158895492,158634544.00
2022/04/20,1.000,1.020,0.984,1.007,177532800,177981008.00
2022/04/21,0.996,1.001,0.959,0.971,206706201,202166352.00
2022/04/22,0.950,0.963,0.934,0.954,169055100,160511616.00
2022/04/25,0.922,0.937,0.905,0.907,179563800,166238656.00
2022/04/26,0.913,0.926,0.891,0.895,134892203,122545344.00
2022/04/27,0.886,0.916,0.878,0.915,198680300,178083344.00
2022/04/28,0.911,0.923,0.888,0.906,193634500,175193600.00
2022/04/29,0.906,0.926,0.884,0.925,222296000,201335520.00
2022/05/05,0.907,0.926,0.894,0.919,156929400,143268608.00
2022/05/06,0.896,0.896,0.852,0.863,403713100,350322048.00
2022/05/09,0.845,0.862,0.837,0.845,198064453,167849424.00
2022/05/10,0.831,0.863,0.823,0.862,165779853,140803792.00
2022/05/11,0.862,0.904,0.862,0.886,279101632,248493312.00
2022/05/12,0.877,0.889,0.876,0.887,115757601,102211888.00
2022/05/13,0.884,0.889,0.870,0.887,147425969,129770888.00
2022/05/16,0.896,0.909,0.891,0.897,150894731,135609248.00
2022/05/17,0.891,0.893,0.876,0.893,114445700,101312792.00
2022/05/18,0.893,0.893,0.877,0.879,135991700,120032128.00
2022/05/19,0.863,0.875,0.860,0.868,123651103,107165352.00
2022/05/20,0.872,0.898,0.871,0.897,162297311,144203728.00
2022/05/23,0.894,0.894,0.873,0.881,176462300,155343216.00
2022/05/24,0.881,0.890,0.862,0.864,183973600,161625392.00
2022/05/25,0.862,0.890,0.860,0.888,177056501,155839888.00
2022/05/26,0.884,0.904,0.880,0.898,160180601,142850688.00
2022/05/27,0.905,0.915,0.897,0.906,175321600,158975552.00
2022/05/30,0.922,0.938,0.913,0.935,190129402,176443536.00
2022/05/31,0.927,0.941,0.926,0.938,161158200,150655520.00
2022/06/01,0.938,0.947,0.917,0.924,295817102,273950272.00
2022/06/02,0.920,0.922,0.909,0.919,149571300,136900160.00
2022/06/06,0.920,0.922,0.900,0.920,385336019,352575840.00
2022/06/07,0.921,0.931,0.914,0.920,161940600,149209360.00
2022/06/08,0.918,0.941,0.916,0.940,207647622,192786992.00
2022/06/09,0.939,0.945,0.915,0.920,172572168,159701376.00
2022/06/10,0.913,0.926,0.911,0.924,135031916,124098864.00
2022/06/13,0.911,0.911,0.886,0.896,562786787,502837888.00
2022/06/14,0.886,0.906,0.884,0.906,298950184,267605584.00
2022/06/15,0.905,0.925,0.900,0.911,289438167,264928448.00
2022/06/16,0.910,0.927,0.908,0.919,166414836,152692784.00
2022/06/17,0.913,0.928,0.908,0.927,153936700,141554352.00
2022/06/20,0.929,0.962,0.927,0.961,311766501,296761952.00
2022/06/21,0.960,0.973,0.950,0.959,248393301,239193744.00
2022/06/22,0.958,0.963,0.949,0.951,117536300,112237816.00
2022/06/23,0.951,0.963,0.950,0.963,172208153,164737312.00
2022/06/24,0.963,0.998,0.955,0.994,247537796,241536240.00
2022/06/27,1.005,1.044,1.005,1.026,331840659,342278752.00
2022/06/28,1.021,1.091,1.019,1.091,527739183,553901184.00
2022/06/29,1.096,1.105,1.072,1.077,464283388,503660736.00
2022/06/30,1.110,1.133,1.096,1.123,346307493,386681344.00
2022/07/01,1.118,1.118,1.055,1.064,333745347,357656352.00
2022/07/04,1.041,1.068,1.040,1.055,235936905,248411936.00
2022/07/05,1.055,1.056,1.031,1.041,201344201,209985328.00
2022/07/06,1.028,1.029,1.000,1.004,265185856,267976080.00
2022/07/07,1.002,1.018,0.996,1.009,198963193,200841520.00
2022/07/08,1.031,1.041,1.010,1.012,199374572,203448352.00
2022/07/11,0.991,0.997,0.980,0.991,214649000,212041376.00
2022/07/12,0.989,0.993,0.978,0.980,184366600,181729008.00
2022/07/13,0.983,1.000,0.983,0.998,162132700,161278704.00
2022/07/14,0.995,1.017,0.988,1.007,194024121,194746816.00
2022/07/15,1.008,1.026,0.998,1.002,194878800,197478384.00
2022/07/18,0.998,1.012,0.992,1.006,153448600,153808048.00
2022/07/19,1.025,1.025,0.991,1.000,183473700,184167200.00
2022/07/20,1.002,1.031,0.997,1.019,209665900,213873520.00
2022/07/21,1.019,1.023,1.009,1.012,141271300,143639072.00
2022/07/22,1.013,1.029,1.006,1.018,177387304,180349584.00
2022/07/25,1.017,1.025,1.007,1.015,128781200,130861624.00
2022/07/26,1.028,1.045,1.028,1.034,278543600,288479744.00
2022/07/27,1.025,1.029,1.016,1.020,196536704,200792544.00
2022/07/28,1.026,1.039,1.018,1.022,149679400,153858272.00
2022/07/29,1.018,1.018,0.980,0.983,279099910,276726528.00
2022/08/01,0.976,0.993,0.976,0.993,158994130,157142240.00
2022/08/02,0.980,0.987,0.960,0.975,220113609,214782704.00
2022/08/03,0.973,0.982,0.955,0.956,178335500,172452592.00
2022/08/04,0.958,0.965,0.948,0.964,118249100,113051816.00
2022/08/05,0.962,0.966,0.952,0.966,139229611,133422432.00
2022/08/08,0.941,0.955,0.930,0.950,152867996,144507888.00
2022/08/09,0.948,0.957,0.945,0.956,103859200,98916104.00
2022/08/10,0.958,0.958,0.940,0.942,107295500,101352584.00
2022/08/11,0.940,0.965,0.940,0.961,173413300,165564912.00
2022/08/12,0.957,0.972,0.952,0.970,112461350,108150576.00
2022/08/15,0.965,0.966,0.953,0.961,99834049,95757112.00
2022/08/16,0.957,0.961,0.951,0.955,111727700,106714704.00
2022/08/17,0.954,0.972,0.949,0.966,103095766,99255208.00
2022/08/18,0.961,0.965,0.947,0.950,150972900,143647472.00
2022/08/19,0.948,0.954,0.945,0.947,82945300,78742080.00
2022/08/22,0.950,0.966,0.943,0.961,138498900,132880720.00
2022/08/23,0.957,0.966,0.949,0.962,139048600,133116448.00
2022/08/24,0.960,0.968,0.947,0.949,154133646,147579280.00
2022/08/25,0.950,0.966,0.947,0.966,136684600,130849296.00
2022/08/26,0.969,0.993,0.969,0.978,259076465,254882176.00
2022/08/29,0.968,0.987,0.961,0.983,296997000,289843392.00
2022/08/30,0.979,0.984,0.973,0.981,168916707,165308720.00
2022/08/31,0.975,0.990,0.975,0.982,170892655,167984544.00
2022/09/01,0.979,0.980,0.940,0.940,245161342,234866464.00
2022/09/02,0.940,0.943,0.926,0.939,173136600,161606560.00
2022/09/05,0.935,0.936,0.922,0.932,135852800,125948784.00
2022/09/06,0.934,0.959,0.933,0.954,179245801,169892880.00
2022/09/07,0.948,0.966,0.948,0.959,255289100,245036496.00
2022/09/08,0.961,0.985,0.961,0.979,226549300,221918000.00
2022/09/09,0.968,0.985,0.966,0.982,173937000,169860416.00
2022/09/13,0.985,1.000,0.979,0.998,168100503,166819136.00
2022/09/14,0.983,1.001,0.982,0.990,146535415,145253280.00
2022/09/15,0.993,1.001,0.980,0.993,137512700,136235040.00
2022/09/16,0.990,1.007,0.976,0.978,225193534,223669664.00
2022/09/19,0.978,0.997,0.973,0.996,203142800,200981520.00
2022/09/20,0.997,1.007,0.985,1.006,194391850,193831168.00
2022/09/21,1.000,1.004,0.982,0.986,164291741,162935312.00
2022/09/22,0.981,0.981,0.966,0.970,216157200,209984960.00
2022/09/23,0.966,0.979,0.950,0.956,168506877,162338736.00
2022/09/26,0.955,1.003,0.955,0.985,329376478,325418272.00
2022/09/27,0.979,1.037,0.977,1.036,364991086,369736992.00
2022/09/28,1.025,1.040,1.014,1.015,235617248,241516192.00
2022/09/29,1.022,1.025,0.986,0.994,368726606,368062624.00
2022/09/30,0.991,0.995,0.968,0.973,183663261,179817472.00
2022/10/10,0.969,0.970,0.943,0.946,174328576,166940144.00
2022/10/11,0.944,0.948,0.915,0.930,227857441,211117232.00
2022/10/12,0.927,0.929,0.895,0.929,330302028,300573088.00
2022/10/13,0.920,0.941,0.915,0.930,170685100,158696160.00
2022/10/14,0.931,0.947,0.930,0.940,185443480,174485312.00
2022/10/17,0.935,0.958,0.928,0.954,166204177,157003040.00
2022/10/18,0.966,0.988,0.951,0.957,160976700,155348032.00
2022/10/19,0.952,0.964,0.933,0.937,154922200,146849648.00
2022/10/20,0.929,0.972,0.921,0.956,278420303,263170480.00
2022/10/21,0.940,0.958,0.934,0.950,171673493,162577728.00
2022/10/24,0.941,0.948,0.905,0.909,221117511,203752304.00
2022/10/25,0.909,0.941,0.906,0.932,286278470,265796768.00
2022/10/26,0.932,0.965,0.932,0.954,181571970,172912608.00
2022/10/27,0.958,0.974,0.949,0.951,137901800,132326184.00
2022/10/28,0.952,0.965,0.933,0.938,212212958,201570912.00
2022/10/31,0.926,0.934,0.901,0.917,155041700,141955520.00
2022/11/01,0.910,0.991,0.900,0.991,287689004,272843264.00
2022/11/02,0.969,1.049,0.967,1.008,458481465,462104032.00
2022/11/03,0.990,1.021,0.987,1.006,187671190,188834336.00
2022/11/04,1.006,1.070,1.006,1.047,314565584,328286560.00
2022/11/07,1.017,1.034,1.016,1.033,186910356,191881552.00
2022/11/08,1.029,1.034,1.013,1.019,123841537,126716016.00
2022/11/09,1.020,1.038,1.011,1.017,124934064,127963440.00
2022/11/10,1.010,1.038,1.006,1.032,167559134,171321408.00
2022/11/11,1.070,1.072,0.935,1.037,572948502,598335168.00
2022/11/14,1.023,1.023,0.988,0.993,324352180,325085888.00
2022/11/15,0.993,1.018,0.992,1.008,210138402,211938400.00
2022/11/16,1.030,1.035,1.002,1.007,203881300,207231920.00
2022/11/17,1.000,1.015,0.994,1.010,147216822,148221936.00
2022/11/18,1.005,1.005,0.987,0.990,263266500,261967136.00
2022/11/21,0.977,0.978,0.954,0.962,182033500,174812112.00
2022/11/22,0.960,0.963,0.944,0.950,141625000,134909616.00
2022/11/23,0.947,0.949,0.935,0.945,126972000,119390000.00
2022/11/24,0.947,0.950,0.933,0.935,167637000,157503280.00
2022/11/25,0.936,0.944,0.930,0.943,180331100,169093552.00
2022/11/28,0.933,0.983,0.923,0.980,353416253,338507040.00
2022/11/29,0.972,1.046,0.972,1.046,510208758,519054880.00
2022/11/30,1.030,1.059,1.026,1.056,320513640,333544288.00
2022/12/01,1.099,1.115,1.041,1.045,380210548,403848640.00
2022/12/02,1.036,1.060,1.036,1.047,293966271,307151680.00
2022/12/05,1.070,1.073,1.047,1.059,258778840,274444064.00
2022/12/06,1.060,1.094,1.056,1.077,278146727,299994400.00
2022/12/07,1.075,1.122,1.071,1.095,347094064,379083808.00
2022/12/08,1.098,1.111,1.080,1.099,252381000,275392256.00
2022/12/09,1.097,1.098,1.072,1.087,230054005,249233376.00
2022/12/12,1.081,1.118,1.081,1.107,198182296,219285088.00
2022/12/13,1.104,1.143,1.100,1.127,201477413,227086768.00
2022/12/14,1.127,1.160,1.122,1.151,183824942,210627136.00
2022/12/15,1.160,1.163,1.130,1.132,208128499,237174304.00
2022/12/16,1.126,1.146,1.120,1.145,139846200,158843520.00
2022/12/19,1.143,1.145,1.119,1.127,157034402,177349936.00
2022/12/20,1.121,1.124,1.094,1.095,171416700,189577856.00
2022/12/21,1.095,1.126,1.095,1.119,191863400,214604752.00
2022/12/22,1.122,1.146,1.114,1.126,159049600,180080368.00
2022/12/23,1.118,1.142,1.115,1.128,127622705,144456592.00
2022/12/26,1.129,1.180,1.129,1.143,218344900,252401936.00
2022/12/27,1.160,1.161,1.117,1.136,208333605,236020736.00
2022/12/28,1.131,1.147,1.123,1.130,118263801,134234048.00
2022/12/29,1.124,1.136,1.111,1.116,105303990,118317776.00
2022/12/30,1.117,1.131,1.107,1.129,128217236,143568592.00
2023/01/03,1.128,1.128,1.098,1.104,173747756,192118416.00
2023/01/04,1.104,1.115,1.095,1.114,119852100,132922960.00
2023/01/05,1.117,1.134,1.101,1.131,172224006,193828416.00
2023/01/06,1.131,1.133,1.102,1.106,166335900,184697248.00
2023/01/09,1.106,1.124,1.104,1.124,237765301,265604208.00
2023/01/10,1.123,1.130,1.112,1.124,130773004,146627904.00
2023/01/11,1.123,1.123,1.103,1.104,165244000,183387152.00
2023/01/12,1.107,1.111,1.090,1.094,115132763,126489656.00
2023/01/13,1.092,1.118,1.090,1.118,125708185,138986272.00
2023/01/16,1.122,1.133,1.100,1.118,125673827,141164976.00
2023/01/17,1.118,1.123,1.108,1.122,109472177,122211416.00
2023/01/18,1.122,1.133,1.113,1.117,87747310,98315488.00
2023/01/19,1.115,1.122,1.101,1.121,107940425,120095576.00
2023/01/20,1.121,1.137,1.121,1.130,131766758,148628640.00
2023/01/30,1.152,1.153,1.099,1.102,225354703,252034800.00
2023/01/31,1.098,1.102,1.076,1.079,178655452,194201392.00
2023/02/01,1.081,1.083,1.067,1.079,164699979,176764368.00
2023/02/02,1.080,1.091,1.071,1.091,346184409,374681376.00
2023/02/03,1.090,1.090,1.070,1.082,164579907,177118656.00
2023/02/06,1.077,1.086,1.067,1.074,137459200,148155664.00
2023/02/07,1.074,1.079,1.060,1.063,152944497,163224736.00
2023/02/08,1.066,1.075,1.064,1.065,99651200,106552024.00
2023/02/09,1.068,1.083,1.061,1.083,131058300,141067440.00
2023/02/10,1.080,1.103,1.079,1.099,184626027,201838160.00
2023/02/13,1.098,1.137,1.096,1.136,248765571,278782112.00
2023/02/14,1.134,1.136,1.120,1.129,116328574,131061928.00
2023/02/15,1.128,1.128,1.113,1.115,99756970,111643640.00
2023/02/16,1.119,1.148,1.113,1.123,163595589,185743584.00
2023/02/17,1.120,1.137,1.108,1.111,142397602,159855440.00
2023/02/20,1.111,1.127,1.108,1.125,120748800,135183104.00
2023/02/21,1.126,1.130,1.112,1.119,103194000,115488360.00
2023/02/22,1.117,1.118,1.109,1.110,89623493,99665992.00
2023/02/23,1.111,1.115,1.099,1.103,80164863,88761240.00
2023/02/24,1.106,1.106,1.087,1.096,87648960,95980584.00
2023/02/27,1.094,1.113,1.085,1.106,109064700,119974416.00
2023/02/28,1.108,1.116,1.105,1.114,164452800,182678832.00
2023/03/01,1.115,1.120,1.104,1.119,118540600,132041280.00
2023/03/02,1.119,1.127,1.112,1.125,117525607,131696464.00
2023/03/03,1.125,1.132,1.118,1.127,109765300,123517240.00
2023/03/06,1.127,1.142,1.126,1.142,131503019,149349152.00
2023/03/07,1.135,1.140,1.118,1.118,125573384,141852048.00
2023/03/08,1.117,1.126,1.112,1.123,109236172,122355296.00
2023/03/09,1.123,1.124,1.104,1.106,82880772,92049000.00
2023/03/10,1.100,1.104,1.080,1.080,95034088,103816864.00
2023/03/13,1.080,1.102,1.079,1.100,112083103,122309360.00
2023/03/14,1.101,1.101,1.078,1.084,91467100,99646584.00
2023/03/15,1.091,1.092,1.071,1.073,118006600,127579728.00
2023/03/16,1.065,1.070,1.056,1.059,97258600,103369328.00
2023/03/17,1.065,1.076,1.060,1.064,92353000,98620848.00
2023/03/20,1.062,1.067,1.052,1.053,119363871,126282808.00
2023/03/21,1.053,1.077,1.053,1.076,112153700,119674064.00
2023/03/22,1.076,1.082,1.065,1.068,153667900,164634896.00
2023/03/23,1.062,1.064,1.054,1.062,152022600,160795856.00
2023/03/24,1.064,1.071,1.056,1.059,148783904,158396112.00
2023/03/27,1.059,1.069,1.053,1.069,245888610,260808928.00
2023/03/28,1.069,1.077,1.058,1.060,125924800,134144576.00
2023/03/29,1.059,1.083,1.058,1.069,191215503,205062432.00
2023/03/30,1.071,1.107,1.068,1.107,291995100,318326464.00
2023/03/31,1.103,1.105,1.090,1.099,202447000,222182976.00
2023/04/03,1.095,1.120,1.095,1.116,266758216,296098400.00
2023/04/04,1.116,1.137,1.107,1.120,331081689,371050528.00
2023/04/06,1.118,1.123,1.106,1.122,180371332,201471872.00
2023/04/07,1.123,1.144,1.117,1.131,213689900,242100192.00
2023/04/10,1.132,1.140,1.123,1.137,304207100,344197600.00
2023/04/11,1.135,1.151,1.123,1.125,217871692,247189760.00
2023/04/12,1.123,1.130,1.101,1.109,243802184,271084768.00
2023/04/13,1.105,1.125,1.100,1.125,250846073,278467712.00
2023/04/14,1.127,1.127,1.097,1.101,319360874,353155584.00
2023/04/17,1.101,1.121,1.098,1.114,329629500,367011552.00
2023/04/18,1.116,1.116,1.096,1.099,272766144,300213088.00
2023/04/19,1.099,1.102,1.088,1.101,189280783,207125904.00
2023/04/20,1.097,1.097,1.075,1.077,272965511,295413536.00
2023/04/21,1.078,1.084,1.047,1.047,277039500,295220064.00
2023/04/24,1.046,1.046,1.013,1.019,231505720,236590432.00
2023/04/25,1.018,1.025,0.990,1.004,263686574,264966368.00
2023/04/26,1.006,1.028,1.006,1.021,222900614,227433936.00
2023/04/27,1.023,1.030,1.013,1.025,149728100,152971840.00
2023/04/28,1.028,1.036,1.012,1.036,247660600,253826672.00
2023/05/04,1.025,1.025,0.984,0.987,395000195,392176544.00
2023/05/05,0.985,0.996,0.982,0.985,175081900,172903376.00
2023/05/08,0.988,0.988,0.957,0.965,216660505,209008960.00
2023/05/09,0.964,0.972,0.958,0.960,133758013,129233760.00
2023/05/10,0.959,0.959,0.943,0.949,135270734,128432232.00
2023/05/11,0.951,0.957,0.948,0.950,109458400,104303712.00
2023/05/12,0.951,0.951,0.938,0.939,134717164,126920520.00
2023/05/15,0.937,0.954,0.929,0.954,165329546,155240512.00
2023/05/16,0.952,0.953,0.937,0.940,120401500,113614640.00
2023/05/17,0.939,0.940,0.929,0.931,133971247,125160072.00
2023/05/18,0.933,0.935,0.918,0.922,187412412,173394752.00
2023/05/19,0.921,0.931,0.912,0.928,179092983,165441424.00
2023/05/22,0.928,0.949,0.917,0.947,246674996,231506352.00
2023/05/23,0.944,0.944,0.927,0.929,176653000,165344432.00
2023/05/24,0.925,0.926,0.904,0.905,239379700,218491376.00
2023/05/25,0.901,0.904,0.888,0.896,157318255,140848656.00
2023/05/26,0.896,0.902,0.890,0.901,102893590,92295728.00
2023/05/29,0.903,0.907,0.895,0.896,88352245,79429240.00
2023/05/30,0.897,0.898,0.883,0.897,137687629,122705392.00
2023/05/31,0.894,0.908,0.891,0.907,167606632,151468896.00
2023/06/01,0.906,0.908,0.892,0.895,155360000,139787152.00
2023/06/02,0.894,0.901,0.888,0.898,201648700,180788544.00
2023/06/05,0.899,0.910,0.895,0.908,186408696,168784416.00
2023/06/06,0.907,0.910,0.890,0.893,162374600,146038640.00
2023/06/07,0.895,0.908,0.892,0.905,181184600,163532000.00
2023/06/08,0.904,0.912,0.895,0.912,152764209,138249280.00
2023/06/09,0.913,0.919,0.906,0.910,172572900,157231856.00
2023/06/12,0.911,0.923,0.902,0.918,193390198,176591424.00
2023/06/13,0.915,0.922,0.912,0.918,187836900,172203920.00
2023/06/14,0.919,0.928,0.914,0.919,233803700,215670304.00
2023/06/15,0.919,0.940,0.912,0.939,280287000,260268976.00
2023/06/16,0.941,0.944,0.933,0.942,239328200,224915216.00
2023/06/19,0.945,0.950,0.933,0.934,295199392,277366944.00
2023/06/20,0.934,0.935,0.920,0.921,176452700,163193792.00
2023/06/21,0.919,0.931,0.909,0.911,246723367,226743616.00
2023/06/26,0.903,0.903,0.881,0.882,211857855,188884736.00
2023/06/27,0.885,0.905,0.884,0.899,177578000,159468976.00
2023/06/28,0.898,0.899,0.886,0.894,139831906,124786024.00
2023/06/29,0.894,0.894,0.872,0.873,268179410,235646480.00
2023/06/30,0.871,0.880,0.870,0.876,137932307,120793344.00
2023/07/03,0.878,0.921,0.876,0.919,448100038,405667680.00
2023/07/04,0.912,0.925,0.910,0.923,247036300,227001680.00
2023/07/05,0.921,0.921,0.908,0.911,238267388,217511872.00
2023/07/06,0.910,0.925,0.903,0.906,186983988,170452032.00
2023/07/07,0.902,0.914,0.901,0.907,142116200,129083528.00
2023/07/10,0.915,0.934,0.914,0.924,227505108,210375792.00
2023/07/11,0.923,0.924,0.916,0.922,166840800,153477072.00
2023/07/12,0.922,0.923,0.911,0.913,157452700,144128224.00
2023/07/13,0.918,0.921,0.910,0.917,190252362,174105184.00
2023/07/14,0.918,0.918,0.904,0.906,183979200,166956688.00
2023/07/17,0.906,0.907,0.893,0.900,139779001,125480712.00
2023/07/18,0.900,0.904,0.893,0.899,126862300,113858792.00
2023/07/19,0.899,0.902,0.890,0.895,175200500,156832304.00
2023/07/20,0.895,0.905,0.893,0.894,186738674,168031712.00
2023/07/21,0.893,0.909,0.890,0.899,190312633,171299680.00
2023/07/24,0.898,0.904,0.890,0.897,126601500,113709952.00
2023/07/25,0.907,0.921,0.907,0.919,279174399,255937760.00
2023/07/26,0.923,0.924,0.915,0.918,135292754,124399992.00
2023/07/27,0.917,0.935,0.915,0.928,236804220,219869136.00
2023/07/28,0.924,0.943,0.919,0.941,200773220,186963792.00
2023/07/31,0.949,0.973,0.949,0.961,336183461,323691072.00
2023/08/01,0.959,0.966,0.945,0.946,291336730,277875840.00
2023/08/02,0.944,0.950,0.936,0.937,206530929,194708640.00
2023/08/03,0.935,0.942,0.929,0.942,146999300,137511040.00
2023/08/04,0.948,0.954,0.938,0.938,179594142,169548992.00
2023/08/07,0.937,0.937,0.930,0.935,118886779,110983496.00
2023/08/08,0.932,0.938,0.923,0.932,223483500,208372240.00
2023/08/09,0.932,0.932,0.922,0.925,106854313,99016320.00
2023/08/10,0.925,0.944,0.925,0.942,247076387,231402992.00
2023/08/11,0.944,0.954,0.930,0.932,253998864,239174736.00
2023/08/14,0.924,0.936,0.920,0.934,343878836,319682656.00
2023/08/15,0.931,0.931,0.906,0.911,221442000,202893088.00
2023/08/16,0.909,0.914,0.905,0.908,146901400,133570592.00
2023/08/17,0.905,0.914,0.894,0.912,145647600,131724624.00
2023/08/18,0.912,0.913,0.888,0.888,174250963,156546032.00
2023/08/21,0.889,0.891,0.868,0.869,226002100,197445008.00
2023/08/22,0.870,0.872,0.846,0.863,243727600,208363392.00
2023/08/23,0.859,0.861,0.845,0.846,124262000,105764920.00
2023/08/24,0.846,0.859,0.843,0.851,127220500,108245352.00
2023/08/25,0.845,0.849,0.831,0.835,152613600,127993040.00
2023/08/28,0.867,0.874,0.839,0.843,286909210,245674832.00
2023/08/29,0.841,0.861,0.839,0.860,173092099,147662432.00
2023/08/30,0.860,0.860,0.848,0.852,168198700,143324288.00
2023/08/31,0.852,0.852,0.836,0.842,263544099,221961696.00
2023/09/01,0.846,0.854,0.845,0.851,171573297,145972352.00
2023/09/04,0.853,0.868,0.852,0.867,286133300,246877440.00
2023/09/05,0.866,0.869,0.860,0.863,119051900,102852816.00
2023/09/06,0.861,0.861,0.850,0.855,199405200,170434576.00
2023/09/07,0.854,0.861,0.849,0.850,221737208,189323904.00
2023/09/08,0.849,0.853,0.839,0.850,179194800,151629120.00
2023/09/11,0.850,0.862,0.846,0.861,181753649,155443008.00
2023/09/12,0.857,0.863,0.855,0.857,106119300,91097208.00
2023/09/13,0.856,0.860,0.845,0.849,148187900,126125184.00
2023/09/14,0.850,0.854,0.839,0.844,168680511,142627024.00
2023/09/15,0.846,0.854,0.842,0.848,165423400,140244384.00
2023/09/18,0.848,0.866,0.847,0.866,279310603,240289408.00
2023/09/19,0.862,0.863,0.848,0.854,195998900,167328848.00
2023/09/20,0.850,0.850,0.834,0.834,218448800,183247312.00
2023/09/21,0.831,0.834,0.820,0.821,214144000,176622032.00
2023/09/22,0.820,0.831,0.816,0.831,198075100,163119120.00
2023/09/25,0.829,0.829,0.819,0.820,133554800,109759568.00
2023/09/26,0.820,0.823,0.814,0.814,153188800,125249384.00
2023/09/27,0.814,0.825,0.813,0.818,209418600,171331568.00
2023/09/28,0.820,0.821,0.810,0.818,200874007,163585536.00
2023/10/09,0.811,0.812,0.778,0.778,362836997,284981888.00
2023/10/10,0.781,0.787,0.775,0.777,166000500,129553720.00
2023/10/11,0.778,0.780,0.766,0.768,284085602,219087952.00
2023/10/12,0.771,0.776,0.770,0.775,202555626,156530256.00
2023/10/13,0.770,0.771,0.756,0.758,226535300,172280256.00
2023/10/16,0.758,0.758,0.745,0.748,146000151,109546616.00
2023/10/17,0.750,0.752,0.746,0.750,106362376,79701104.00
2023/10/18,0.746,0.747,0.733,0.733,200130600,147698928.00
2023/10/19,0.730,0.737,0.725,0.726,201370800,146864960.00
2023/10/20,0.724,0.728,0.720,0.722,127166219,92081152.00
2023/10/23,0.719,0.720,0.702,0.707,173932569,123654600.00
2023/10/24,0.709,0.716,0.706,0.715,190334894,135566832.00
2023/10/25,0.720,0.736,0.719,0.730,199392234,145767936.00
2023/10/26,0.726,0.733,0.723,0.732,116082000,84481272.00
2023/10/27,0.732,0.754,0.730,0.751,218284433,162668912.00
2023/10/30,0.750,0.761,0.749,0.759,154689796,116989152.00
2023/10/31,0.758,0.763,0.752,0.758,110759702,83907536.00
2023/11/01,0.760,0.761,0.751,0.753,115832600,87528232.00
2023/11/02,0.755,0.758,0.747,0.747,75436100,56720852.00
2023/11/03,0.749,0.756,0.747,0.753,77080200,57973024.00
2023/11/06,0.755,0.762,0.753,0.762,121571400,92251592.00
2023/11/07,0.760,0.760,0.749,0.754,99625560,75020704.00
2023/11/08,0.754,0.762,0.751,0.756,84701484,64061348.00
2023/11/09,0.755,0.759,0.752,0.753,61385200,46388092.00
2023/11/10,0.752,0.752,0.743,0.747,87276498,65131608.00
2023/11/13,0.748,0.756,0.747,0.751,73146088,54954508.00
2023/11/14,0.751,0.757,0.748,0.753,73773400,55487500.00
2023/11/15,0.758,0.761,0.753,0.755,95396459,72158040.00
2023/11/16,0.755,0.757,0.748,0.754,115432400,86892984.00
2023/11/17,0.752,0.757,0.749,0.752,76387100,57435452.00
2023/11/20,0.753,0.767,0.752,0.765,178490500,135784592.00
2023/11/21,0.766,0.774,0.763,0.765,122860400,94539552.00
2023/11/22,0.763,0.768,0.758,0.758,105891300,80771288.00
2023/11/23,0.758,0.762,0.751,0.762,86304800,65374528.00
2023/11/24,0.762,0.764,0.756,0.758,81265954,61747436.00
2023/11/27,0.761,0.764,0.751,0.757,95953900,72580152.00
2023/11/28,0.754,0.757,0.749,0.754,74929700,56400780.00
2023/11/29,0.754,0.755,0.745,0.747,68463200,51325880.00
2023/11/30,0.746,0.758,0.743,0.757,102473799,77111168.00
2023/12/01,0.756,0.758,0.742,0.747,92264000,69035600.00
2023/12/04,0.746,0.754,0.742,0.748,111309900,83455168.00
2023/12/05,0.748,0.749,0.730,0.731,97326601,71955616.00
2023/12/06,0.732,0.737,0.723,0.732,68736549,50205220.00
2023/12/07,0.733,0.734,0.722,0.726,58275730,42325684.00
2023/12/08,0.727,0.733,0.722,0.722,65909900,47910020.00
2023/12/11,0.722,0.725,0.710,0.723,78167905,55961680.00
2023/12/12,0.722,0.730,0.720,0.729,68601821,49871516.00
2023/12/13,0.727,0.728,0.709,0.710,255599288,182637280.00
2023/12/14,0.713,0.723,0.709,0.712,101264663,72397096.00
2023/12/15,0.714,0.719,0.709,0.711,94134482,67129968.00
2023/12/18,0.707,0.709,0.692,0.694,112990910,78868176.00
2023/12/19,0.693,0.703,0.692,0.697,115292348,80506992.00
2023/12/20,0.699,0.700,0.683,0.684,78804800,54315684.00
2023/12/21,0.681,0.696,0.679,0.692,117639400,80991264.00
2023/12/22,0.692,0.694,0.684,0.688,74001800,50937388.00
2023/12/25,0.684,0.689,0.681,0.686,62183800,42558896.00
2023/12/26,0.687,0.687,0.676,0.677,67281275,45691976.00
2023/12/27,0.680,0.682,0.670,0.675,91112700,61424024.00
2023/12/28,0.675,0.702,0.671,0.701,126008309,86913600.00
2023/12/29,0.700,0.705,0.696,0.700,75942875,53159936.00
2024/01/02,0.702,0.702,0.694,0.696,65688300,45826836.00
2024/01/03,0.696,0.704,0.694,0.704,96930600,67893088.00
2024/01/04,0.704,0.705,0.692,0.697,71245500,49767128.00
2024/01/05,0.697,0.704,0.687,0.688,84051200,58619304.00
2024/01/08,0.689,0.695,0.680,0.681,83365100,57405832.00
2024/01/09,0.685,0.714,0.685,0.709,267220331,188297296.00
2024/01/10,0.706,0.711,0.696,0.708,148773470,104822208.00
2024/01/11,0.704,0.714,0.702,0.708,126110300,89209736.00
2024/01/12,0.706,0.712,0.700,0.706,112135100,79196112.00
2024/01/15,0.702,0.727,0.700,0.725,257169228,185406896.00
2024/01/16,0.725,0.740,0.721,0.735,283117372,207809024.00
2024/01/17,0.731,0.734,0.712,0.712,193691220,139547648.00
2024/01/18,0.707,0.715,0.694,0.713,167560649,117661440.00
2024/01/19,0.708,0.731,0.706,0.724,169020088,121445008.00
2024/01/22,0.720,0.720,0.686,0.689,145567700,102559000.00
2024/01/23,0.686,0.693,0.673,0.690,142645035,97351696.00
2024/01/24,0.690,0.702,0.677,0.702,149259445,103005216.00
2024/01/25,0.698,0.724,0.692,0.724,161768111,114815664.00
2024/01/26,0.723,0.733,0.719,0.725,220562780,160523808.00
2024/01/29,0.726,0.729,0.714,0.714,163012180,117805432.00
2024/01/30,0.710,0.712,0.692,0.694,130067900,91450016.00
2024/01/31,0.685,0.685,0.662,0.664,213326200,143350752.00
2024/02/01,0.661,0.669,0.648,0.660,202172135,132975096.00
2024/02/02,0.659,0.670,0.633,0.653,143175264,93836936.00
2024/02/05,0.645,0.648,0.617,0.633,143299200,90700056.00
2024/02/06,0.625,0.665,0.617,0.661,148215100,94680408.00
2024/02/07,0.664,0.675,0.655,0.674,165490802,110626992.00
2024/02/08,0.675,0.691,0.674,0.691,136414420,93515360.00
2024/02/19,0.709,0.712,0.692,0.698,158822700,111864128.00
2024/02/20,0.697,0.701,0.691,0.699,79823700,55592220.00
2024/02/21,0.697,0.720,0.692,0.709,143240775,101467184.00
2024/02/22,0.707,0.716,0.704,0.712,102086675,72495768.00
2024/02/23,0.712,0.712,0.701,0.710,83693900,59147792.00
2024/02/26,0.706,0.710,0.699,0.703,133398266,93883616.00
2024/02/27,0.702,0.710,0.699,0.710,69311190,48962772.00
2024/02/28,0.709,0.722,0.697,0.697,152479757,108681504.00
2024/02/29,0.694,0.709,0.692,0.709,143849300,100969640.00
2024/03/01,0.707,0.708,0.698,0.705,105014000,73901872.00
2024/03/04,0.706,0.708,0.695,0.700,92354502,64652192.00
2024/03/05,0.699,0.707,0.695,0.697,88436902,61879584.00
2024/03/06,0.695,0.701,0.691,0.698,88098100,61279036.00
2024/03/07,0.698,0.702,0.691,0.700,133192100,92955704.00
2024/03/08,0.698,0.698,0.685,0.690,115349700,79591704.00
2024/03/11,0.687,0.704,0.686,0.704,118241400,82258608.00
2024/03/12,0.704,0.725,0.701,0.725,159827464,114182040.00
2024/03/13,0.722,0.722,0.714,0.718,118505700,85143016.00
2024/03/14,0.717,0.731,0.716,0.725,140094200,101692144.00
2024/03/15,0.723,0.737,0.719,0.728,110017800,80182248.00
2024/03/18,0.728,0.734,0.726,0.734,111545700,81417488.00
2024/03/19,0.733,0.734,0.724,0.724,90032000,65630064.00
2024/03/20,0.724,0.729,0.723,0.729,57676600,41887608.00
2024/03/21,0.731,0.735,0.725,0.732,103447300,75617880.00
2024/03/22,0.730,0.731,0.715,0.717,95308900,68709856.00
2024/03/25,0.714,0.716,0.705,0.705,83845700,59500560.00
2024/03/26,0.706,0.708,0.696,0.704,80692200,56612024.00
2024/03/27,0.702,0.707,0.694,0.696,75511100,52941400.00
2024/03/28,0.695,0.709,0.691,0.705,91080400,63997436.00
2024/03/29,0.705,0.708,0.697,0.706,103220400,72581400.00
2024/04/01,0.708,0.726,0.708,0.725,119318714,85806192.00
2024/04/02,0.725,0.727,0.719,0.723,105050400,75879424.00
2024/04/03,0.721,0.722,0.713,0.716,95796600,68652832.00
2024/04/08,0.720,0.721,0.704,0.705,139375600,99374416.00
2024/04/09,0.701,0.721,0.701,0.717,125317300,89396024.00
2024/04/10,0.716,0.721,0.707,0.716,152804293,109267568.00
2024/04/11,0.710,0.726,0.706,0.725,208416400,149593920.00
2024/04/12,0.724,0.730,0.716,0.721,217927136,157307968.00
2024/04/15,0.719,0.727,0.703,0.715,186502436,133387928.00
2024/04/16,0.707,0.709,0.682,0.684,247993100,171633568.00
2024/04/17,0.684,0.700,0.683,0.697,227093138,157689152.00
2024/04/18,0.696,0.707,0.692,0.700,137073366,96223784.00
2024/04/19,0.697,0.698,0.681,0.684,129051200,88719088.00
2024/04/22,0.684,0.698,0.674,0.697,173184800,118879688.00
2024/04/23,0.692,0.694,0.686,0.688,109755700,75697520.00
2024/04/24,0.687,0.694,0.685,0.694,91101207,62860344.00
2024/04/25,0.691,0.700,0.688,0.696,99383307,68986248.00
2024/04/26,0.697,0.706,0.692,0.706,142685201,100044320.00
2024/04/29,0.705,0.716,0.698,0.715,338154954,240266352.00
2024/04/30,0.712,0.712,0.698,0.706,186663600,131280248.00
2024/05/06,0.709,0.709,0.701,0.706,173586600,122461752.00
2024/05/07,0.705,0.705,0.697,0.702,114005400,79924272.00
2024/05/08,0.700,0.701,0.690,0.690,120091000,83235272.00
2024/05/09,0.690,0.699,0.688,0.697,112582700,78387816.00
2024/05/10,0.697,0.703,0.694,0.700,118164100,82719248.00
2024/05/13,0.699,0.699,0.686,0.692,142941100,98835064.00
2024/05/14,0.693,0.696,0.689,0.692,103647664,71777792.00
2024/05/15,0.692,0.694,0.687,0.690,103343500,71381352.00
2024/05/16,0.690,0.699,0.689,0.693,147454694,102432856.00
2024/05/17,0.695,0.710,0.690,0.710,164227400,115103104.00
2024/05/20,0.721,0.729,0.713,0.725,321049500,231926976.00
2024/05/21,0.720,0.730,0.716,0.723,167560600,121258016.00
2024/05/22,0.722,0.726,0.719,0.723,157655300,113905488.00
2024/05/23,0.721,0.721,0.700,0.700,191733500,135656112.00
2024/05/24,0.697,0.703,0.691,0.693,122853900,85552184.00
2024/05/27,0.694,0.697,0.687,0.695,128436800,88696648.00
2024/05/28,0.692,0.696,0.686,0.689,113521889,78361720.00
2024/05/29,0.686,0.694,0.686,0.693,90966400,62853900.00
2024/05/30,0.691,0.692,0.685,0.685,116635500,80158888.00
2024/05/31,0.687,0.690,0.686,0.686,60322300,41481072.00
2024/06/03,0.686,0.686,0.673,0.678,154145500,104491688.00
2024/06/04,0.677,0.688,0.673,0.688,100272760,68350456.00
2024/06/05,0.686,0.690,0.682,0.682,82892900,56898812.00
2024/06/06,0.685,0.685,0.667,0.668,177047400,119295296.00
2024/06/07,0.671,0.676,0.667,0.674,79559400,53433932.00
2024/06/11,0.670,0.672,0.661,0.665,108325900,72050928.00
2024/06/12,0.665,0.667,0.661,0.665,81564900,54160312.00
2024/06/13,0.665,0.666,0.653,0.657,148763400,97751272.00
2024/06/14,0.658,0.662,0.653,0.661,96192100,63288240.00
2024/06/17,0.658,0.662,0.655,0.660,54711700,36036176.00
2024/06/18,0.661,0.666,0.658,0.662,71981800,47605852.00
2024/06/19,0.661,0.661,0.650,0.651,135455976,88390112.00
2024/06/20,0.649,0.650,0.634,0.636,152582900,97521344.00
2024/06/21,0.635,0.639,0.631,0.636,150338700,95583712.00
2024/06/24,0.632,0.632,0.618,0.622,137691200,85826424.00
2024/06/25,0.622,0.628,0.620,0.625,189423580,118097000.00
2024/06/26,0.623,0.632,0.618,0.632,114623600,71540720.00
2024/06/27,0.630,0.632,0.624,0.625,90728900,57008628.00
2024/06/28,0.625,0.631,0.623,0.626,83702290,52465712.00
2024/07/01,0.625,0.634,0.624,0.634,104866807,66106840.00
2024/07/02,0.634,0.637,0.629,0.631,83307607,52767992.00
2024/07/03,0.632,0.650,0.632,0.646,185861800,119359456.00
2024/07/04,0.642,0.642,0.622,0.624,138427400,87256680.00
2024/07/05,0.623,0.629,0.618,0.627,136839600,85495144.00
2024/07/08,0.623,0.629,0.615,0.616,118216500,73414744.00
2024/07/09,0.617,0.624,0.609,0.624,144599600,89240000.00
2024/07/10,0.620,0.624,0.615,0.617,90012900,55698608.00
2024/07/11,0.623,0.642,0.622,0.640,204839200,129518600.00
2024/07/12,0.641,0.651,0.639,0.643,164685800,106064576.00
2024/07/15,0.637,0.639,0.632,0.637,92473100,58810140.00
2024/07/16,0.634,0.639,0.633,0.638,68006900,43255108.00
2024/07/17,0.637,0.649,0.635,0.644,146499600,94142480.00
2024/07/18,0.641,0.647,0.635,0.646,106541700,68271264.00
2024/07/19,0.641,0.646,0.638,0.646,94069400,60480904.00
2024/07/22,0.647,0.647,0.639,0.643,84834600,54470064.00
2024/07/23,0.644,0.645,0.629,0.629,90896664,57999688.00
2024/07/24,0.628,0.634,0.617,0.620,140622060,87677200.00
2024/07/25,0.616,0.629,0.615,0.623,89959000,56152884.00
2024/07/26,0.623,0.633,0.623,0.628,73580120,46182520.00
2024/07/29,0.628,0.629,0.618,0.620,83180800,51666144.00
2024/07/30,0.619,0.622,0.616,0.620,53903200,33368688.00
2024/07/31,0.621,0.647,0.620,0.645,157434100,100406704.00
2024/08/01,0.641,0.646,0.637,0.642,117408700,75304160.00
2024/08/02,0.637,0.648,0.636,0.642,100512600,64716324.00
2024/08/05,0.650,0.662,0.647,0.648,215930700,141195264.00
2024/08/06,0.653,0.659,0.649,0.659,141102000,92329712.00
2024/08/07,0.655,0.656,0.646,0.650,176219000,114513160.00
2024/08/08,0.648,0.655,0.645,0.651,90630300,59012540.00
2024/08/09,0.652,0.652,0.639,0.640,99395400,64134192.00
数据来源:通达信
