159883 医疗器械ETF 日线 不复权
      日期	    开盘	    最高	    最低	    收盘	    成交量	    成交额
2021/04/30,0.999,1.015,0.995,1.015,97994375,98609368.00
2021/05/06,1.013,1.015,0.988,0.996,49492158,49602568.00
2021/05/07,1.000,1.002,0.957,0.957,22927947,22345574.00
2021/05/10,0.963,0.975,0.954,0.964,18355228,17714574.00
2021/05/11,0.965,0.977,0.955,0.975,19432321,18747916.00
2021/05/12,0.976,0.996,0.962,0.992,21714509,21176424.00
2021/05/13,0.978,1.005,0.978,1.004,26616454,26535104.00
2021/05/14,1.009,1.022,0.998,1.013,29446300,29834716.00
2021/05/17,1.019,1.047,1.017,1.035,25035696,25936756.00
2021/05/18,1.035,1.037,1.018,1.025,15590673,15966220.00
2021/05/19,1.024,1.029,1.013,1.017,16757111,17074082.00
2021/05/20,1.023,1.035,1.017,1.029,18339356,18804578.00
2021/05/21,1.032,1.038,1.016,1.019,15409337,15782236.00
2021/05/24,1.019,1.019,0.984,1.012,22440229,22357252.00
2021/05/25,1.008,1.033,1.008,1.032,17791747,18260450.00
2021/05/26,1.033,1.038,1.020,1.036,15540234,16022094.00
2021/05/27,1.032,1.052,1.026,1.051,19320947,20137394.00
2021/05/28,1.057,1.057,1.031,1.037,20085828,21037816.00
2021/05/31,1.037,1.043,1.028,1.043,10209211,10604925.00
2021/06/01,1.046,1.051,1.031,1.050,14056416,14677772.00
2021/06/02,1.048,1.048,1.019,1.021,35816407,36772812.00
2021/06/03,1.021,1.022,1.000,1.008,19393704,19605314.00
2021/06/04,1.007,1.023,1.003,1.018,13719201,13936461.00
2021/06/07,1.020,1.020,1.005,1.018,6878812,6980791.00
2021/06/08,1.019,1.029,1.005,1.012,22173000,22507946.00
2021/06/09,1.012,1.013,1.002,1.008,12734500,12817291.00
2021/06/10,1.009,1.013,1.005,1.008,15481503,15609205.00
2021/06/11,1.010,1.010,0.992,0.998,15889300,15878323.00
2021/06/15,0.999,1.004,0.984,0.988,13582000,13443820.00
2021/06/16,0.988,0.990,0.956,0.958,25359508,24548296.00
2021/06/17,0.958,0.972,0.954,0.969,17087202,16470717.00
2021/06/18,0.977,0.994,0.972,0.991,25939700,25562854.00
2021/06/21,0.984,1.014,0.982,1.009,23510101,23610730.00
2021/06/22,1.009,1.032,1.005,1.030,24575233,25086038.00
2021/06/23,1.032,1.032,1.017,1.021,17336100,17741488.00
2021/06/24,1.020,1.021,0.998,1.008,15917304,16036095.00
2021/06/25,1.008,1.040,1.008,1.038,27778817,28574494.00
2021/06/28,1.048,1.065,1.043,1.063,23425789,24755550.00
2021/06/29,1.068,1.068,1.051,1.060,15977314,16907552.00
2021/06/30,1.061,1.067,1.056,1.064,10907901,11589875.00
2021/07/01,1.059,1.094,1.059,1.077,15742619,16998898.00
2021/07/02,1.065,1.065,1.030,1.034,23577706,24539042.00
2021/07/05,1.025,1.060,1.025,1.048,18737312,19588736.00
2021/07/06,1.049,1.049,0.985,1.009,41405500,41727816.00
2021/07/07,1.000,1.045,0.996,1.040,28824929,29630708.00
2021/07/08,1.035,1.045,1.019,1.024,23069103,23714062.00
2021/07/09,1.024,1.024,0.992,1.015,20590800,20648588.00
2021/07/12,1.020,1.036,1.006,1.028,17018114,17470218.00
2021/07/13,1.028,1.042,1.022,1.031,17062100,17613134.00
2021/07/14,1.027,1.050,1.016,1.041,22381002,23282190.00
2021/07/15,1.040,1.042,1.025,1.040,18865700,19475960.00
2021/07/16,1.035,1.035,1.011,1.015,20564800,20920548.00
2021/07/19,1.010,1.028,1.007,1.021,16716600,17031572.00
2021/07/20,1.022,1.034,1.018,1.022,12529300,12837177.00
2021/07/21,1.026,1.032,1.017,1.029,18395801,18881248.00
2021/07/22,1.029,1.031,1.004,1.008,26400000,26686494.00
2021/07/23,1.008,1.015,0.966,0.974,53224300,52103268.00
2021/07/26,0.968,0.970,0.900,0.920,51070106,47536588.00
2021/07/27,0.919,0.931,0.895,0.895,26021301,23782752.00
2021/07/28,0.895,0.924,0.885,0.922,37729501,34382944.00
2021/07/29,0.933,0.952,0.927,0.938,28462900,26740766.00
2021/07/30,0.931,0.933,0.905,0.931,20009800,18390842.00
2021/08/02,0.932,0.945,0.904,0.941,27937302,25847658.00
2021/08/03,0.937,0.985,0.932,0.980,43992202,42471000.00
2021/08/04,0.980,0.980,0.947,0.964,37875000,36218308.00
2021/08/05,0.964,0.964,0.945,0.950,24264300,23085270.00
2021/08/06,0.945,0.946,0.918,0.927,29595400,27445916.00
2021/08/09,0.922,0.940,0.917,0.934,15104300,14069114.00
2021/08/10,0.939,0.952,0.923,0.950,26804800,25156142.00
2021/08/11,0.951,0.951,0.927,0.929,20118900,18803364.00
2021/08/12,0.925,0.938,0.917,0.918,27378900,25280702.00
2021/08/13,0.918,0.929,0.909,0.915,20408700,18739738.00
2021/08/16,0.915,0.932,0.911,0.925,20693800,19139534.00
2021/08/17,0.926,0.926,0.892,0.897,32386900,29334766.00
2021/08/18,0.890,0.906,0.890,0.895,20288300,18224240.00
2021/08/19,0.898,0.909,0.893,0.897,18946400,17033564.00
2021/08/20,0.890,0.894,0.826,0.832,82554800,69834464.00
2021/08/23,0.831,0.850,0.826,0.843,34405500,28896158.00
2021/08/24,0.843,0.858,0.839,0.855,26128200,22242956.00
2021/08/25,0.857,0.873,0.849,0.869,26382300,22781946.00
2021/08/26,0.869,0.873,0.840,0.844,31329100,26582368.00
2021/08/27,0.843,0.853,0.834,0.837,23224000,19581826.00
2021/08/30,0.831,0.837,0.819,0.826,22371200,18471828.00
2021/08/31,0.821,0.830,0.814,0.821,26658600,21836170.00
2021/09/01,0.811,0.829,0.801,0.823,27001300,21986976.00
2021/09/02,0.821,0.825,0.800,0.802,32050900,25951036.00
2021/09/03,0.801,0.809,0.793,0.805,21807600,17519484.00
2021/09/06,0.805,0.846,0.800,0.840,37050100,30734316.00
2021/09/07,0.840,0.848,0.830,0.838,20839000,17401136.00
2021/09/08,0.839,0.841,0.819,0.822,34397100,28375564.00
2021/09/09,0.823,0.828,0.816,0.818,28690400,23534530.00
2021/09/10,0.821,0.821,0.807,0.812,25270900,20509436.00
2021/09/13,0.814,0.831,0.811,0.817,33681900,27620402.00
2021/09/14,0.819,0.828,0.814,0.822,32956600,27091866.00
2021/09/15,0.819,0.819,0.797,0.800,49561802,39796416.00
2021/09/16,0.799,0.811,0.791,0.799,32445700,25993618.00
2021/09/17,0.800,0.838,0.794,0.836,71980200,59226572.00
2021/09/22,0.826,0.850,0.824,0.840,45738900,38326304.00
2021/09/23,0.838,0.852,0.832,0.839,31381200,26428174.00
2021/09/24,0.844,0.862,0.834,0.855,36640300,31180230.00
2021/09/27,0.856,0.876,0.848,0.858,41509900,35876580.00
2021/09/28,0.858,0.866,0.845,0.855,23957000,20474858.00
2021/09/29,0.850,0.857,0.839,0.843,38274700,32408114.00
2021/09/30,0.846,0.857,0.842,0.855,20393900,17381276.00
2021/10/08,0.853,0.860,0.844,0.855,27984400,23895848.00
2021/10/11,0.849,0.865,0.843,0.844,42515400,36105520.00
2021/10/12,0.843,0.865,0.839,0.854,34948100,29860126.00
2021/10/13,0.854,0.867,0.846,0.865,36684000,31405638.00
2021/10/14,0.866,0.869,0.848,0.855,28242100,24199672.00
2021/10/15,0.848,0.851,0.832,0.838,42973100,36054664.00
2021/10/18,0.836,0.837,0.811,0.818,41358100,33812384.00
2021/10/19,0.815,0.827,0.814,0.824,26378400,21700870.00
2021/10/20,0.821,0.828,0.806,0.815,36435400,29642976.00
2021/10/21,0.815,0.827,0.814,0.817,25217800,20647896.00
2021/10/22,0.817,0.823,0.816,0.817,25157000,20596664.00
2021/10/25,0.820,0.824,0.815,0.822,24036100,19701202.00
2021/10/26,0.820,0.827,0.816,0.820,23235400,19085716.00
2021/10/27,0.820,0.821,0.800,0.802,39991800,32225368.00
2021/10/28,0.800,0.805,0.795,0.799,34360300,27455276.00
2021/10/29,0.795,0.802,0.787,0.799,36741900,29256264.00
2021/11/01,0.800,0.800,0.784,0.794,35142800,27771830.00
2021/11/02,0.793,0.799,0.778,0.782,41499900,32715250.00
2021/11/03,0.783,0.801,0.783,0.797,40605400,32327910.00
2021/11/04,0.798,0.803,0.795,0.802,26520700,21206930.00
2021/11/05,0.802,0.804,0.795,0.798,26943900,21535158.00
2021/11/08,0.798,0.798,0.776,0.780,48584700,37932168.00
2021/11/09,0.781,0.786,0.778,0.784,27867400,21828410.00
2021/11/10,0.783,0.790,0.775,0.790,34667100,27161320.00
2021/11/11,0.790,0.794,0.786,0.793,34250300,27063584.00
2021/11/12,0.795,0.798,0.792,0.797,26924300,21412008.00
2021/11/15,0.797,0.809,0.796,0.808,40881802,32935072.00
2021/11/16,0.809,0.829,0.808,0.825,69768100,57338128.00
2021/11/17,0.826,0.831,0.819,0.825,36463500,30068742.00
2021/11/18,0.824,0.824,0.809,0.811,34067600,27727886.00
2021/11/19,0.810,0.815,0.807,0.813,22479000,18255602.00
2021/11/22,0.813,0.814,0.807,0.811,32324900,26162144.00
2021/11/23,0.811,0.817,0.807,0.811,55272500,44748224.00
2021/11/24,0.811,0.817,0.805,0.816,53083800,43108536.00
2021/11/25,0.816,0.827,0.816,0.826,40950200,33712752.00
2021/11/26,0.826,0.833,0.821,0.822,36378100,30044170.00
2021/11/29,0.830,0.847,0.820,0.824,49021600,40786180.00
2021/11/30,0.821,0.829,0.814,0.829,47314900,38820212.00
2021/12/01,0.826,0.826,0.814,0.816,40698800,33304854.00
2021/12/02,0.818,0.822,0.802,0.804,60573900,49159996.00
2021/12/03,0.803,0.813,0.800,0.810,38547500,31112594.00
2021/12/06,0.810,0.810,0.792,0.793,62277400,49776848.00
2021/12/07,0.797,0.800,0.790,0.793,42229400,33525696.00
2021/12/08,0.796,0.802,0.791,0.802,36392900,29014190.00
2021/12/09,0.802,0.828,0.801,0.825,80812300,66191940.00
2021/12/10,0.825,0.830,0.820,0.826,51615400,42586960.00
2021/12/13,0.828,0.837,0.825,0.829,51533500,42818304.00
2021/12/14,0.832,0.839,0.830,0.834,50694900,42331272.00
2021/12/15,0.834,0.836,0.818,0.820,53023800,43910472.00
2021/12/16,0.820,0.828,0.818,0.822,44237100,36358940.00
2021/12/17,0.821,0.822,0.808,0.811,58362100,47481184.00
2021/12/20,0.805,0.822,0.805,0.812,52749200,43017004.00
2021/12/21,0.812,0.815,0.807,0.815,33322300,27044370.00
2021/12/22,0.817,0.822,0.815,0.820,36642600,29989104.00
2021/12/23,0.823,0.823,0.807,0.810,45535800,36885924.00
2021/12/24,0.807,0.814,0.804,0.810,35089400,28368194.00
2021/12/27,0.808,0.816,0.807,0.815,37468900,30400816.00
2021/12/28,0.813,0.822,0.809,0.818,47397900,38629656.00
2021/12/29,0.818,0.826,0.814,0.821,70758900,58187544.00
2021/12/30,0.823,0.830,0.818,0.827,58508200,48258200.00
2021/12/31,0.828,0.835,0.825,0.831,53700400,44551296.00
2022/01/04,0.832,0.832,0.809,0.810,87681400,71588056.00
2022/01/05,0.810,0.811,0.798,0.799,72780000,58386280.00
2022/01/06,0.796,0.799,0.785,0.791,73841200,58431148.00
2022/01/07,0.793,0.804,0.790,0.792,61918200,49370688.00
2022/01/10,0.797,0.809,0.794,0.809,61118700,49148192.00
2022/01/11,0.805,0.811,0.797,0.804,61869800,49623272.00
2022/01/12,0.805,0.822,0.797,0.822,92982500,75698400.00
2022/01/13,0.822,0.828,0.809,0.810,53974500,44053516.00
2022/01/14,0.808,0.847,0.806,0.844,154154800,128478080.00
2022/01/17,0.849,0.852,0.832,0.835,91814000,77029800.00
2022/01/18,0.831,0.831,0.800,0.801,168221800,136279584.00
2022/01/19,0.801,0.805,0.791,0.794,136738900,108889512.00
2022/01/20,0.795,0.802,0.785,0.787,143284261,113357416.00
2022/01/21,0.784,0.785,0.751,0.754,189970700,144669152.00
2022/01/24,0.745,0.754,0.743,0.750,87005400,65080420.00
2022/01/25,0.746,0.750,0.721,0.722,102321039,75196848.00
2022/01/26,0.723,0.734,0.714,0.720,57901939,41768536.00
2022/01/27,0.720,0.723,0.706,0.707,61454500,43753248.00
2022/01/28,0.709,0.714,0.700,0.705,60765500,43035324.00
2022/02/07,0.713,0.715,0.708,0.713,60486800,43052860.00
2022/02/08,0.713,0.713,0.696,0.708,75644000,53345168.00
2022/02/09,0.709,0.716,0.700,0.715,64244200,45527556.00
2022/02/10,0.716,0.717,0.705,0.709,59583900,42373608.00
2022/02/11,0.705,0.706,0.680,0.681,98216000,67739480.00
2022/02/14,0.673,0.685,0.673,0.678,54317300,36881640.00
2022/02/15,0.679,0.706,0.678,0.705,94950900,66073328.00
2022/02/16,0.705,0.719,0.701,0.712,67076200,47681292.00
2022/02/17,0.713,0.716,0.707,0.708,40165600,28527614.00
2022/02/18,0.703,0.716,0.702,0.715,53882800,38268124.00
2022/02/21,0.712,0.720,0.710,0.717,32816000,23484010.00
2022/02/22,0.711,0.713,0.700,0.705,47709600,33552424.00
2022/02/23,0.705,0.718,0.705,0.717,36907100,26364678.00
2022/02/24,0.712,0.720,0.692,0.699,60555400,42793428.00
2022/02/25,0.705,0.726,0.704,0.724,71728200,51642980.00
2022/02/28,0.726,0.731,0.714,0.731,56614200,41028048.00
2022/03/01,0.731,0.732,0.720,0.727,24121900,17507078.00
2022/03/02,0.722,0.727,0.714,0.724,38578700,27748520.00
2022/03/03,0.724,0.730,0.719,0.720,32195500,23254114.00
2022/03/04,0.715,0.733,0.715,0.725,51783300,37585700.00
2022/03/07,0.722,0.723,0.700,0.704,67006000,47435596.00
2022/03/08,0.702,0.705,0.673,0.676,62984800,43129828.00
2022/03/09,0.677,0.680,0.638,0.660,56997500,37778164.00
2022/03/10,0.680,0.688,0.673,0.687,55385300,37750904.00
2022/03/11,0.673,0.723,0.673,0.723,94397000,66265904.00
2022/03/14,0.768,0.768,0.708,0.708,150297400,109645760.00
2022/03/15,0.692,0.701,0.673,0.673,104624500,72171888.00
2022/03/16,0.680,0.685,0.643,0.680,90170700,59737724.00
2022/03/17,0.680,0.713,0.680,0.698,84056000,58695092.00
2022/03/18,0.693,0.705,0.692,0.705,61081300,42717456.00
2022/03/21,0.709,0.716,0.695,0.708,59774000,42123516.00
2022/03/22,0.705,0.705,0.689,0.692,49843400,34543592.00
2022/03/23,0.692,0.705,0.689,0.699,48780200,34102704.00
2022/03/24,0.696,0.709,0.688,0.704,63901500,44653224.00
2022/03/25,0.702,0.704,0.685,0.685,64507480,44814300.00
2022/03/28,0.684,0.686,0.675,0.676,48545900,32951414.00
2022/03/29,0.679,0.692,0.678,0.682,47855500,32817192.00
2022/03/30,0.684,0.701,0.674,0.700,47968500,33141914.00
2022/03/31,0.696,0.708,0.693,0.696,40177000,28078286.00
2022/04/01,0.690,0.697,0.683,0.695,33813000,23376252.00
2022/04/06,0.695,0.702,0.690,0.694,31623200,21993296.00
2022/04/07,0.690,0.699,0.682,0.682,36840400,25350532.00
2022/04/08,0.682,0.684,0.669,0.674,49327700,33342132.00
2022/04/11,0.671,0.674,0.658,0.661,54016200,35907940.00
2022/04/12,0.663,0.684,0.662,0.682,78508300,52940660.00
2022/04/13,0.677,0.683,0.670,0.673,44042200,29801552.00
2022/04/14,0.676,0.690,0.675,0.687,63048900,43186852.00
2022/04/15,0.682,0.689,0.676,0.684,43107500,29423566.00
2022/04/18,0.684,0.689,0.673,0.689,53209900,36341972.00
2022/04/19,0.689,0.689,0.670,0.673,54318000,36770544.00
2022/04/20,0.669,0.672,0.652,0.655,72480600,47997072.00
2022/04/21,0.651,0.659,0.636,0.640,62059800,40102472.00
2022/04/22,0.639,0.641,0.625,0.635,46456100,29370062.00
2022/04/25,0.625,0.632,0.602,0.603,49590500,30739230.00
2022/04/26,0.603,0.623,0.598,0.609,81787600,49853924.00
2022/04/27,0.605,0.626,0.600,0.624,64857000,39675028.00
2022/04/28,0.622,0.624,0.611,0.615,31952600,19721276.00
2022/04/29,0.617,0.630,0.609,0.628,38953800,24207258.00
2022/05/05,0.630,0.651,0.626,0.643,54622600,35100372.00
2022/05/06,0.627,0.653,0.627,0.642,53057000,34204008.00
2022/05/09,0.638,0.644,0.635,0.638,37887100,24203938.00
2022/05/10,0.632,0.644,0.627,0.641,45475300,28951894.00
2022/05/11,0.647,0.656,0.636,0.646,55538100,36139992.00
2022/05/12,0.648,0.656,0.638,0.650,76130500,49490448.00
2022/05/13,0.653,0.661,0.645,0.651,38325500,24918592.00
2022/05/16,0.652,0.654,0.637,0.640,48979900,31442954.00
2022/05/17,0.638,0.641,0.630,0.637,43942603,27892238.00
2022/05/18,0.639,0.640,0.631,0.632,43181403,27389560.00
2022/05/19,0.627,0.632,0.622,0.632,31363600,19640288.00
2022/05/20,0.630,0.647,0.630,0.646,45362400,29145996.00
2022/05/23,0.651,0.654,0.647,0.652,37322099,24291388.00
2022/05/24,0.652,0.653,0.626,0.629,55584500,35540812.00
2022/05/25,0.628,0.634,0.625,0.632,43281000,27239446.00
2022/05/26,0.633,0.634,0.618,0.625,41872600,26148902.00
2022/05/27,0.628,0.633,0.619,0.624,40725500,25513732.00
2022/05/30,0.626,0.633,0.620,0.627,44185400,27760390.00
2022/05/31,0.626,0.643,0.620,0.641,55981700,35454240.00
2022/06/01,0.639,0.650,0.639,0.644,54909500,35432516.00
2022/06/02,0.640,0.644,0.634,0.642,40228800,25736478.00
2022/06/06,0.642,0.653,0.639,0.651,42327100,27439654.00
2022/06/07,0.652,0.659,0.646,0.657,56763200,37067380.00
2022/06/08,0.656,0.666,0.651,0.659,49093800,32290750.00
2022/06/09,0.659,0.659,0.640,0.643,55431100,35826388.00
2022/06/10,0.633,0.650,0.633,0.649,36680200,23622462.00
2022/06/13,0.642,0.651,0.641,0.650,46825100,30254652.00
2022/06/14,0.645,0.650,0.634,0.649,50215800,32223696.00
2022/06/15,0.650,0.661,0.649,0.651,52558300,34457768.00
2022/06/16,0.656,0.668,0.653,0.664,53987300,35757344.00
2022/06/17,0.661,0.680,0.655,0.677,71278100,47684272.00
2022/06/20,0.680,0.693,0.679,0.689,62842700,43173808.00
2022/06/21,0.688,0.696,0.679,0.684,44483500,30511102.00
2022/06/22,0.684,0.690,0.678,0.679,39413004,26975790.00
2022/06/23,0.679,0.683,0.670,0.683,57271400,38784504.00
2022/06/24,0.682,0.693,0.682,0.687,59335500,40783980.00
2022/06/27,0.688,0.699,0.688,0.694,59275700,41183556.00
2022/06/28,0.695,0.695,0.682,0.693,45978300,31609362.00
2022/06/29,0.693,0.698,0.687,0.689,53180797,36871456.00
2022/06/30,0.689,0.703,0.688,0.696,44439800,30973082.00
2022/07/01,0.696,0.700,0.690,0.692,49534500,34342628.00
2022/07/04,0.692,0.720,0.691,0.720,91516000,65119932.00
2022/07/05,0.716,0.726,0.703,0.713,70872000,50456652.00
2022/07/06,0.714,0.718,0.697,0.703,72750700,51435056.00
2022/07/07,0.700,0.705,0.686,0.692,68733300,47644780.00
2022/07/08,0.694,0.703,0.693,0.698,50091600,34998016.00
2022/07/11,0.698,0.704,0.689,0.694,70692600,49088840.00
2022/07/12,0.695,0.695,0.675,0.675,63136100,42969036.00
2022/07/13,0.675,0.680,0.670,0.675,40002000,26988034.00
2022/07/14,0.677,0.691,0.674,0.688,61530401,42177876.00
2022/07/15,0.683,0.690,0.673,0.675,53067600,36240068.00
2022/07/18,0.675,0.676,0.662,0.674,56188600,37558248.00
2022/07/19,0.674,0.679,0.666,0.670,55801800,37414672.00
2022/07/20,0.673,0.686,0.670,0.685,60029837,40911136.00
2022/07/21,0.685,0.688,0.680,0.682,42793500,29232116.00
2022/07/22,0.682,0.686,0.665,0.669,69330563,46662820.00
2022/07/25,0.669,0.680,0.669,0.675,51158700,34506020.00
2022/07/26,0.675,0.679,0.667,0.674,41888100,28140250.00
2022/07/27,0.675,0.679,0.671,0.674,44844500,30233756.00
2022/07/28,0.676,0.679,0.672,0.674,44905000,30328620.00
2022/07/29,0.673,0.675,0.657,0.658,75973300,50490520.00
2022/08/01,0.657,0.661,0.651,0.659,43729201,28758794.00
2022/08/02,0.653,0.654,0.635,0.642,72965100,46893464.00
2022/08/03,0.639,0.652,0.639,0.641,47147700,30439376.00
2022/08/04,0.644,0.649,0.639,0.646,51840500,33372296.00
2022/08/05,0.649,0.661,0.647,0.661,51063600,33427668.00
2022/08/08,0.663,0.667,0.658,0.663,34024400,22533528.00
2022/08/09,0.665,0.665,0.654,0.659,36258900,23792406.00
2022/08/10,0.659,0.660,0.650,0.653,35628700,23294402.00
2022/08/11,0.656,0.668,0.655,0.668,42946500,28480354.00
2022/08/12,0.668,0.670,0.663,0.667,25285700,16873826.00
2022/08/15,0.665,0.667,0.658,0.661,48347800,31956364.00
2022/08/16,0.660,0.664,0.657,0.660,37394992,24680112.00
2022/08/17,0.658,0.662,0.654,0.662,51928500,34231824.00
2022/08/18,0.659,0.659,0.652,0.655,46589300,30458176.00
2022/08/19,0.655,0.658,0.649,0.650,36992700,24179636.00
2022/08/22,0.652,0.656,0.643,0.655,39737900,25898186.00
2022/08/23,0.653,0.654,0.644,0.646,41816700,27049742.00
2022/08/24,0.646,0.648,0.634,0.635,61202900,39152148.00
2022/08/25,0.635,0.641,0.631,0.640,44756800,28476264.00
2022/08/26,0.638,0.650,0.637,0.638,45536500,29210390.00
2022/08/29,0.632,0.640,0.631,0.640,36212102,23011568.00
2022/08/30,0.639,0.645,0.638,0.643,38931400,24947602.00
2022/08/31,0.641,0.648,0.638,0.642,50527875,32437388.00
2022/09/01,0.643,0.650,0.638,0.644,47181500,30483212.00
2022/09/02,0.644,0.652,0.641,0.645,39102600,25208462.00
2022/09/05,0.660,0.665,0.641,0.646,80360100,52176428.00
2022/09/06,0.641,0.645,0.635,0.641,55755200,35608492.00
2022/09/07,0.639,0.641,0.635,0.638,35548400,22651784.00
2022/09/08,0.638,0.638,0.632,0.633,55326600,35120488.00
2022/09/09,0.636,0.650,0.636,0.647,97705700,63050576.00
2022/09/13,0.647,0.655,0.646,0.647,50247400,32647568.00
2022/09/14,0.641,0.645,0.636,0.645,46234000,29617148.00
2022/09/15,0.646,0.648,0.630,0.636,56735600,36199252.00
2022/09/16,0.634,0.635,0.622,0.624,48891200,30732054.00
2022/09/19,0.626,0.626,0.606,0.609,59095400,36200368.00
2022/09/20,0.613,0.613,0.605,0.608,33386500,20308466.00
2022/09/21,0.607,0.607,0.590,0.593,89526900,53213152.00
2022/09/22,0.591,0.593,0.585,0.587,48589916,28580624.00
2022/09/23,0.585,0.586,0.570,0.576,64471800,37234364.00
2022/09/26,0.573,0.584,0.570,0.575,42574300,24593146.00
2022/09/27,0.576,0.607,0.576,0.607,90400100,53518428.00
2022/09/28,0.607,0.621,0.603,0.609,89764900,55123156.00
2022/09/29,0.609,0.631,0.609,0.623,158844100,99255640.00
2022/09/30,0.622,0.634,0.621,0.625,85254200,53513624.00
2022/10/10,0.629,0.639,0.612,0.617,165333400,103616072.00
2022/10/11,0.619,0.619,0.602,0.608,80302000,48798272.00
2022/10/12,0.608,0.611,0.590,0.611,97483600,58420744.00
2022/10/13,0.606,0.631,0.605,0.626,109196100,68090264.00
2022/10/14,0.634,0.689,0.634,0.689,315134600,212044544.00
2022/10/17,0.713,0.719,0.683,0.694,535894900,375474336.00
2022/10/18,0.690,0.708,0.681,0.702,356932000,249234464.00
2022/10/19,0.695,0.698,0.685,0.691,296897200,205264400.00
2022/10/20,0.683,0.713,0.683,0.696,333857700,233681536.00
2022/10/21,0.695,0.702,0.685,0.700,233280935,161738544.00
2022/10/24,0.695,0.700,0.675,0.681,349028300,239082704.00
2022/10/25,0.676,0.684,0.654,0.663,317457500,211394240.00
2022/10/26,0.664,0.699,0.660,0.691,299164555,205712768.00
2022/10/27,0.691,0.691,0.677,0.682,233975700,159959760.00
2022/10/28,0.675,0.685,0.663,0.665,233887511,157668000.00
2022/10/31,0.659,0.677,0.649,0.669,254563600,169537632.00
2022/11/01,0.670,0.678,0.649,0.672,460771000,304247552.00
2022/11/02,0.663,0.693,0.663,0.681,376881400,256795600.00
2022/11/03,0.672,0.685,0.670,0.682,205495700,139268128.00
2022/11/04,0.681,0.695,0.679,0.689,397847600,273118624.00
2022/11/07,0.686,0.691,0.679,0.683,332454200,227500480.00
2022/11/08,0.684,0.684,0.670,0.676,202882300,136932416.00
2022/11/09,0.674,0.684,0.671,0.674,141031200,95512672.00
2022/11/10,0.670,0.683,0.669,0.670,255735727,172461888.00
2022/11/11,0.685,0.689,0.661,0.662,439288636,297709632.00
2022/11/14,0.662,0.685,0.658,0.682,320042491,216334864.00
2022/11/15,0.683,0.686,0.664,0.684,372836624,252112688.00
2022/11/16,0.684,0.692,0.677,0.680,238544805,163107008.00
2022/11/17,0.675,0.685,0.672,0.681,217060800,147266480.00
2022/11/18,0.686,0.706,0.686,0.690,347494968,241226128.00
2022/11/21,0.684,0.696,0.676,0.695,214720517,147793472.00
2022/11/22,0.692,0.699,0.666,0.673,258710300,175840384.00
2022/11/23,0.671,0.672,0.655,0.664,241607400,159771184.00
2022/11/24,0.664,0.674,0.660,0.673,200132250,133675040.00
2022/11/25,0.670,0.670,0.657,0.666,152149800,100940952.00
2022/11/28,0.657,0.669,0.652,0.663,194798544,128527744.00
2022/11/29,0.660,0.683,0.660,0.680,264669250,178811744.00
2022/11/30,0.684,0.688,0.671,0.676,168622150,114236208.00
2022/12/01,0.685,0.685,0.667,0.677,281089649,189588560.00
2022/12/02,0.675,0.685,0.674,0.680,158581800,107826512.00
2022/12/05,0.682,0.685,0.668,0.672,241766900,162810128.00
2022/12/06,0.672,0.672,0.660,0.662,266302900,177091392.00
2022/12/07,0.660,0.669,0.655,0.667,209326300,138776736.00
2022/12/08,0.667,0.669,0.660,0.666,152095100,100954600.00
2022/12/09,0.667,0.681,0.666,0.681,279254300,188846656.00
2022/12/12,0.686,0.692,0.681,0.684,253355812,173947760.00
2022/12/13,0.684,0.684,0.667,0.672,205956100,138476192.00
2022/12/14,0.671,0.673,0.661,0.662,183719300,122167728.00
2022/12/15,0.660,0.668,0.659,0.662,140501200,93068624.00
2022/12/16,0.659,0.664,0.656,0.662,111755600,73761432.00
2022/12/19,0.662,0.663,0.636,0.639,263524177,169823536.00
2022/12/20,0.637,0.643,0.627,0.628,199253100,125831784.00
2022/12/21,0.630,0.633,0.624,0.627,138387400,86942664.00
2022/12/22,0.630,0.637,0.625,0.628,131591997,83101808.00
2022/12/23,0.626,0.644,0.625,0.643,152183300,96953480.00
2022/12/26,0.645,0.647,0.637,0.639,89667300,57480628.00
2022/12/27,0.642,0.642,0.626,0.642,334797000,212941392.00
2022/12/28,0.638,0.650,0.638,0.645,108837400,70166448.00
2022/12/29,0.642,0.652,0.640,0.647,116595303,75476216.00
2022/12/30,0.650,0.651,0.643,0.646,85509700,55222828.00
2023/01/03,0.647,0.650,0.640,0.646,131148200,84594008.00
2023/01/04,0.647,0.654,0.645,0.651,89959873,58471228.00
2023/01/05,0.651,0.661,0.649,0.659,138000927,90587976.00
2023/01/06,0.659,0.660,0.653,0.657,109585500,71905840.00
2023/01/09,0.656,0.663,0.655,0.660,92043100,60697568.00
2023/01/10,0.662,0.669,0.656,0.668,139453500,92835672.00
2023/01/11,0.667,0.671,0.663,0.664,104080600,69462304.00
2023/01/12,0.663,0.666,0.657,0.659,93292900,61724136.00
2023/01/13,0.661,0.679,0.658,0.679,187377955,125842032.00
2023/01/16,0.683,0.697,0.678,0.690,307487300,212510752.00
2023/01/17,0.688,0.690,0.682,0.682,126410900,86706664.00
2023/01/18,0.685,0.685,0.680,0.680,101725800,69444888.00
2023/01/19,0.678,0.692,0.677,0.689,88883800,60993616.00
2023/01/20,0.690,0.699,0.686,0.687,112169900,77474720.00
2023/01/30,0.696,0.698,0.684,0.684,139587500,95993288.00
2023/01/31,0.684,0.685,0.674,0.676,107201800,72780208.00
2023/02/01,0.677,0.685,0.673,0.685,134509987,91317184.00
2023/02/02,0.687,0.692,0.682,0.688,124659836,85742488.00
2023/02/03,0.687,0.690,0.678,0.684,95683736,65337160.00
2023/02/06,0.679,0.687,0.677,0.681,106511500,72550352.00
2023/02/07,0.681,0.688,0.675,0.677,79572045,54223716.00
2023/02/08,0.676,0.687,0.676,0.681,82468024,56243744.00
2023/02/09,0.679,0.686,0.678,0.686,238846876,162978784.00
2023/02/10,0.688,0.691,0.683,0.690,108211076,74433112.00
2023/02/13,0.690,0.699,0.688,0.695,168088700,116749808.00
2023/02/14,0.696,0.701,0.693,0.700,131882199,91990000.00
2023/02/15,0.700,0.701,0.689,0.690,95886100,66397092.00
2023/02/16,0.690,0.696,0.678,0.684,123719697,85289824.00
2023/02/17,0.683,0.689,0.680,0.680,95211964,65203184.00
2023/02/20,0.681,0.688,0.672,0.688,106757099,72593336.00
2023/02/21,0.687,0.688,0.680,0.684,89684201,61268404.00
2023/02/22,0.680,0.689,0.680,0.685,75062900,51416488.00
2023/02/23,0.685,0.689,0.676,0.679,72977300,49685636.00
2023/02/24,0.679,0.681,0.672,0.675,59988500,40544216.00
2023/02/27,0.674,0.675,0.668,0.670,66233602,44396560.00
2023/02/28,0.671,0.678,0.670,0.675,65304700,44027160.00
2023/03/01,0.675,0.678,0.669,0.673,74765600,50261148.00
2023/03/02,0.673,0.674,0.664,0.665,101694900,67975200.00
2023/03/03,0.667,0.672,0.663,0.668,64526276,43065912.00
2023/03/06,0.669,0.675,0.665,0.675,80093200,53721648.00
2023/03/07,0.673,0.677,0.660,0.661,101738400,67928800.00
2023/03/08,0.659,0.664,0.657,0.661,47881000,31620328.00
2023/03/09,0.661,0.664,0.656,0.661,59492900,39329004.00
2023/03/10,0.660,0.665,0.654,0.661,150820800,99618488.00
2023/03/13,0.660,0.663,0.654,0.657,84540400,55531836.00
2023/03/14,0.657,0.661,0.649,0.651,60516600,39577760.00
2023/03/15,0.653,0.661,0.653,0.654,70548600,46384316.00
2023/03/16,0.652,0.659,0.650,0.652,65744590,42980124.00
2023/03/17,0.654,0.655,0.636,0.640,164097600,105846704.00
2023/03/20,0.640,0.640,0.628,0.632,143717400,90768000.00
2023/03/21,0.635,0.647,0.632,0.645,98269496,63047972.00
2023/03/22,0.643,0.651,0.643,0.646,59393700,38405196.00
2023/03/23,0.645,0.649,0.643,0.648,58623000,37888708.00
2023/03/24,0.651,0.655,0.642,0.643,97348700,62973440.00
2023/03/27,0.643,0.659,0.639,0.656,107494600,70084224.00
2023/03/28,0.653,0.661,0.653,0.658,81529000,53613988.00
2023/03/29,0.659,0.659,0.651,0.654,63327200,41425904.00
2023/03/30,0.652,0.661,0.652,0.658,106417100,69956520.00
2023/03/31,0.659,0.665,0.657,0.659,80179300,52911328.00
2023/04/03,0.660,0.662,0.648,0.653,156972600,102299176.00
2023/04/04,0.653,0.655,0.649,0.653,155364300,101313664.00
2023/04/06,0.655,0.661,0.653,0.659,217824400,143251136.00
2023/04/07,0.660,0.672,0.659,0.671,290408483,193883424.00
2023/04/10,0.673,0.676,0.668,0.670,160490000,107868464.00
2023/04/11,0.670,0.678,0.665,0.667,158169102,106011384.00
2023/04/12,0.665,0.673,0.662,0.664,84694624,56401096.00
2023/04/13,0.664,0.675,0.657,0.672,321105200,215380016.00
2023/04/14,0.672,0.680,0.669,0.672,238678824,160764240.00
2023/04/17,0.672,0.679,0.667,0.671,139630476,93530288.00
2023/04/18,0.672,0.672,0.666,0.668,167898700,112188624.00
2023/04/19,0.666,0.670,0.663,0.663,212251200,141256560.00
2023/04/20,0.665,0.667,0.653,0.655,135533300,89129456.00
2023/04/21,0.654,0.660,0.647,0.648,103935800,67870888.00
2023/04/24,0.648,0.652,0.638,0.642,259239900,166346096.00
2023/04/25,0.638,0.643,0.624,0.631,249468300,157480224.00
2023/04/26,0.632,0.639,0.630,0.638,100112500,63676948.00
2023/04/27,0.638,0.651,0.634,0.649,143284900,92006760.00
2023/04/28,0.648,0.650,0.642,0.646,152239600,98170472.00
2023/05/04,0.642,0.648,0.640,0.642,83900191,53902352.00
2023/05/05,0.643,0.643,0.629,0.631,120765800,76372832.00
2023/05/08,0.631,0.634,0.618,0.622,403330600,250554368.00
2023/05/09,0.621,0.621,0.614,0.615,249523810,153920432.00
2023/05/10,0.613,0.620,0.610,0.619,88490224,54436464.00
2023/05/11,0.619,0.625,0.616,0.618,77654000,48136612.00
2023/05/12,0.618,0.625,0.616,0.620,66354524,41221352.00
2023/05/15,0.619,0.628,0.617,0.627,81357400,50590748.00
2023/05/16,0.628,0.632,0.625,0.629,88149000,55472000.00
2023/05/17,0.630,0.630,0.625,0.627,45603700,28577834.00
2023/05/18,0.628,0.629,0.620,0.623,119527000,74511784.00
2023/05/19,0.620,0.635,0.620,0.632,103527700,65153820.00
2023/05/22,0.633,0.638,0.631,0.635,106192200,67408944.00
2023/05/23,0.636,0.641,0.635,0.635,91571000,58444924.00
2023/05/24,0.634,0.634,0.626,0.627,97689600,61521548.00
2023/05/25,0.628,0.630,0.621,0.625,87144300,54505540.00
2023/05/26,0.626,0.635,0.625,0.632,101612800,64118848.00
2023/05/29,0.634,0.635,0.627,0.629,120050288,75720880.00
2023/05/30,0.628,0.634,0.620,0.627,141661700,88768976.00
2023/05/31,0.626,0.633,0.621,0.621,126372500,79127592.00
2023/06/01,0.621,0.625,0.615,0.621,104885400,65095508.00
2023/06/02,0.621,0.625,0.618,0.621,93453200,58132424.00
2023/06/05,0.619,0.622,0.616,0.618,67140900,41486784.00
2023/06/06,0.619,0.619,0.607,0.609,75936900,46539580.00
2023/06/07,0.609,0.611,0.601,0.604,88460482,53613408.00
2023/06/08,0.604,0.604,0.596,0.597,135784000,81396472.00
2023/06/09,0.598,0.609,0.597,0.606,101459100,61262152.00
2023/06/12,0.604,0.607,0.599,0.603,53245700,32106148.00
2023/06/13,0.605,0.605,0.599,0.601,73786207,44376396.00
2023/06/14,0.604,0.608,0.598,0.605,89628607,54180820.00
2023/06/15,0.605,0.614,0.600,0.614,85216600,51723472.00
2023/06/16,0.614,0.616,0.609,0.613,91654400,56152416.00
2023/06/19,0.613,0.613,0.608,0.609,53456100,32629716.00
2023/06/20,0.609,0.611,0.606,0.607,68774111,41801216.00
2023/06/21,0.608,0.608,0.599,0.599,90453300,54429820.00
2023/06/26,0.595,0.601,0.593,0.594,86686700,51618640.00
2023/06/27,0.596,0.605,0.595,0.599,70669100,42436632.00
2023/06/28,0.599,0.600,0.592,0.599,92324700,55053056.00
2023/06/29,0.597,0.606,0.597,0.601,86068800,51884384.00
2023/06/30,0.605,0.609,0.601,0.606,66872700,40457612.00
2023/07/03,0.610,0.610,0.601,0.609,112175700,67854016.00
2023/07/04,0.609,0.609,0.603,0.608,80363100,48683788.00
2023/07/05,0.608,0.608,0.603,0.603,68892800,41658140.00
2023/07/06,0.603,0.605,0.597,0.597,61037800,36611716.00
2023/07/07,0.596,0.600,0.594,0.596,78707100,46964628.00
2023/07/10,0.597,0.602,0.594,0.596,90918500,54341352.00
2023/07/11,0.598,0.600,0.594,0.600,72816300,43479364.00
2023/07/12,0.601,0.601,0.593,0.594,66192200,39512636.00
2023/07/13,0.596,0.602,0.595,0.601,67526600,40489672.00
2023/07/14,0.601,0.602,0.595,0.597,91911700,54914832.00
2023/07/17,0.596,0.597,0.587,0.588,90961400,53707308.00
2023/07/18,0.590,0.591,0.585,0.586,74076100,43448516.00
2023/07/19,0.589,0.589,0.583,0.584,71021200,41554316.00
2023/07/20,0.584,0.588,0.582,0.584,61630100,36082868.00
2023/07/21,0.586,0.591,0.581,0.588,64595600,37909092.00
2023/07/24,0.589,0.594,0.587,0.591,152454800,89915120.00
2023/07/25,0.594,0.596,0.591,0.595,164741700,97780200.00
2023/07/26,0.594,0.602,0.593,0.599,148470600,88889568.00
2023/07/27,0.600,0.600,0.596,0.597,127941736,76392312.00
2023/07/28,0.596,0.604,0.594,0.604,144117528,86305720.00
2023/07/31,0.605,0.607,0.588,0.592,240326836,143332656.00
2023/08/01,0.589,0.595,0.583,0.585,167141400,98289736.00
2023/08/02,0.584,0.584,0.574,0.576,219268000,126670720.00
2023/08/03,0.574,0.580,0.574,0.580,97590424,56355532.00
2023/08/04,0.581,0.583,0.575,0.578,134830700,77944008.00
2023/08/07,0.577,0.577,0.556,0.558,281107527,157953008.00
2023/08/08,0.556,0.562,0.553,0.558,144341400,80423624.00
2023/08/09,0.558,0.567,0.556,0.562,165140800,92777440.00
2023/08/10,0.563,0.563,0.558,0.562,92738900,51930804.00
2023/08/11,0.561,0.564,0.554,0.555,106559100,59585156.00
2023/08/14,0.553,0.557,0.548,0.556,128549700,70895960.00
2023/08/15,0.556,0.556,0.549,0.554,79721300,44026536.00
2023/08/16,0.551,0.564,0.550,0.558,198637400,111186136.00
2023/08/17,0.556,0.556,0.550,0.556,94391300,52172800.00
2023/08/18,0.555,0.555,0.544,0.544,151477800,83104416.00
2023/08/21,0.543,0.551,0.540,0.543,99515400,54245960.00
2023/08/22,0.543,0.546,0.531,0.539,138611800,74404968.00
2023/08/23,0.537,0.538,0.527,0.527,73527546,39076588.00
2023/08/24,0.529,0.538,0.525,0.535,104570700,55577284.00
2023/08/25,0.533,0.538,0.530,0.533,73526700,39294584.00
2023/08/28,0.558,0.562,0.533,0.535,153627100,83713552.00
2023/08/29,0.532,0.548,0.532,0.546,124914300,67730960.00
2023/08/30,0.547,0.553,0.546,0.550,95713800,52533480.00
2023/08/31,0.548,0.550,0.543,0.548,72016800,39383584.00
2023/09/01,0.550,0.552,0.546,0.547,56260800,30813352.00
2023/09/04,0.551,0.551,0.544,0.548,62781500,34362468.00
2023/09/05,0.548,0.549,0.544,0.545,49229300,26877434.00
2023/09/06,0.544,0.544,0.539,0.541,88979000,48102740.00
2023/09/07,0.541,0.541,0.531,0.533,88848400,47571800.00
2023/09/08,0.532,0.538,0.531,0.536,62636000,33513214.00
2023/09/11,0.536,0.553,0.536,0.552,157041300,86222872.00
2023/09/12,0.551,0.555,0.548,0.551,53863500,29690906.00
2023/09/13,0.552,0.553,0.544,0.548,76117300,41674416.00
2023/09/14,0.548,0.551,0.543,0.548,85324000,46680188.00
2023/09/15,0.549,0.562,0.546,0.559,140929400,78419432.00
2023/09/18,0.559,0.566,0.557,0.563,136545500,76722480.00
2023/09/19,0.564,0.567,0.557,0.560,58383700,32730610.00
2023/09/20,0.559,0.561,0.555,0.555,51426800,28705820.00
2023/09/21,0.555,0.555,0.549,0.549,58791700,32400044.00
2023/09/22,0.547,0.556,0.545,0.554,75817200,41680544.00
2023/09/25,0.554,0.562,0.552,0.560,99736417,55736632.00
2023/09/26,0.561,0.561,0.555,0.555,52067700,29040714.00
2023/09/27,0.554,0.564,0.554,0.562,94999900,53204400.00
2023/09/28,0.562,0.565,0.557,0.558,51713100,28946850.00
2023/10/09,0.558,0.558,0.551,0.557,58655100,32527768.00
2023/10/10,0.557,0.557,0.547,0.548,55076700,30357952.00
2023/10/11,0.549,0.564,0.549,0.558,131201025,73385912.00
2023/10/12,0.560,0.565,0.556,0.560,85736600,48156328.00
2023/10/13,0.558,0.565,0.556,0.565,87417500,49131772.00
2023/10/16,0.564,0.566,0.553,0.556,67969724,37903464.00
2023/10/17,0.558,0.558,0.547,0.553,63220300,34800284.00
2023/10/18,0.553,0.553,0.541,0.542,73819000,40166388.00
2023/10/19,0.541,0.542,0.534,0.535,73485400,39482040.00
2023/10/20,0.534,0.536,0.527,0.529,86323800,45794992.00
2023/10/23,0.527,0.530,0.521,0.522,92416600,48491392.00
2023/10/24,0.524,0.529,0.518,0.527,69981300,36658188.00
2023/10/25,0.530,0.531,0.518,0.519,243355700,127549832.00
2023/10/26,0.516,0.524,0.516,0.524,89146900,46405304.00
2023/10/27,0.523,0.544,0.519,0.541,139228060,74294904.00
2023/10/30,0.540,0.559,0.538,0.557,170589325,94545096.00
2023/10/31,0.555,0.562,0.553,0.559,104492318,58366224.00
2023/11/01,0.560,0.560,0.552,0.558,73262900,40741988.00
2023/11/02,0.556,0.560,0.552,0.553,53412900,29636534.00
2023/11/03,0.553,0.560,0.552,0.554,58335700,32433158.00
2023/11/06,0.556,0.565,0.556,0.564,92111688,51727156.00
2023/11/07,0.561,0.563,0.559,0.561,66548296,37352016.00
2023/11/08,0.560,0.572,0.559,0.571,136963100,77906200.00
2023/11/09,0.570,0.575,0.563,0.565,105325300,59744836.00
2023/11/10,0.563,0.569,0.559,0.566,88628500,50057512.00
2023/11/13,0.565,0.568,0.558,0.562,71625425,40162268.00
2023/11/14,0.560,0.568,0.560,0.565,58178800,32814822.00
2023/11/15,0.570,0.570,0.566,0.569,65684300,37294512.00
2023/11/16,0.569,0.569,0.560,0.561,63085700,35503456.00
2023/11/17,0.560,0.567,0.559,0.566,66806500,37628084.00
2023/11/20,0.566,0.574,0.565,0.573,77649600,44243132.00
2023/11/21,0.573,0.577,0.571,0.573,85708000,49191992.00
2023/11/22,0.572,0.574,0.568,0.569,64448600,36835572.00
2023/11/23,0.568,0.574,0.567,0.574,72320000,41282868.00
2023/11/24,0.574,0.577,0.569,0.575,851910777,489164480.00
2023/11/27,0.575,0.575,0.568,0.569,68716300,39184312.00
2023/11/28,0.568,0.580,0.565,0.579,111574500,64214688.00
2023/11/29,0.577,0.582,0.574,0.576,93358300,53894272.00
2023/11/30,0.575,0.580,0.573,0.580,91149307,52642012.00
2023/12/01,0.580,0.582,0.575,0.581,96303300,55773524.00
2023/12/04,0.580,0.581,0.572,0.574,222699600,128428384.00
2023/12/05,0.572,0.577,0.565,0.566,216054400,123205904.00
2023/12/06,0.564,0.571,0.561,0.564,95385200,53851348.00
2023/12/07,0.563,0.566,0.560,0.564,78249100,44065744.00
2023/12/08,0.563,0.580,0.560,0.575,118350900,67475624.00
2023/12/11,0.574,0.578,0.565,0.576,96682830,55212444.00
2023/12/12,0.574,0.576,0.567,0.570,52367622,29848236.00
2023/12/13,0.570,0.573,0.566,0.566,68365605,38958816.00
2023/12/14,0.567,0.572,0.561,0.561,64479700,36477608.00
2023/12/15,0.563,0.566,0.555,0.557,76308800,42700384.00
2023/12/18,0.555,0.563,0.554,0.557,69999000,39049044.00
2023/12/19,0.557,0.557,0.551,0.554,71032400,39320760.00
2023/12/20,0.554,0.560,0.551,0.552,68385500,37977232.00
2023/12/21,0.551,0.554,0.545,0.554,84897500,46729364.00
2023/12/22,0.554,0.554,0.545,0.547,114118900,62596316.00
2023/12/25,0.547,0.551,0.546,0.550,43527300,23894484.00
2023/12/26,0.550,0.551,0.542,0.543,43824000,23895418.00
2023/12/27,0.546,0.549,0.543,0.549,46526100,25413682.00
2023/12/28,0.548,0.559,0.546,0.557,77704800,42987980.00
2023/12/29,0.557,0.565,0.557,0.564,66748600,37497392.00
2024/01/02,0.564,0.564,0.559,0.561,99062600,55606712.00
2024/01/03,0.559,0.566,0.557,0.560,54491500,30564810.00
2024/01/04,0.560,0.560,0.553,0.556,64824100,36045024.00
2024/01/05,0.557,0.558,0.545,0.547,69442900,38256832.00
2024/01/08,0.547,0.547,0.537,0.537,78903900,42690540.00
2024/01/09,0.541,0.547,0.536,0.543,91765200,49611676.00
2024/01/10,0.540,0.546,0.535,0.540,94336000,51096460.00
2024/01/11,0.540,0.548,0.537,0.546,63229800,34357952.00
2024/01/12,0.545,0.546,0.537,0.538,61862200,33520796.00
2024/01/15,0.539,0.543,0.533,0.537,49457200,26621712.00
2024/01/16,0.537,0.537,0.526,0.534,71767900,38089112.00
2024/01/17,0.532,0.533,0.520,0.520,93965800,49529984.00
2024/01/18,0.520,0.522,0.506,0.521,94838500,48568868.00
2024/01/19,0.519,0.525,0.518,0.521,110828800,57755032.00
2024/01/22,0.521,0.521,0.496,0.500,95102500,48312156.00
2024/01/23,0.500,0.506,0.493,0.502,78389566,39175908.00
2024/01/24,0.503,0.509,0.493,0.507,122151300,61348636.00
2024/01/25,0.507,0.520,0.505,0.520,82683400,42423312.00
2024/01/26,0.519,0.522,0.509,0.511,98049300,50570500.00
2024/01/29,0.513,0.520,0.499,0.500,83250500,42098548.00
2024/01/30,0.500,0.500,0.490,0.491,81283800,40344468.00
2024/01/31,0.486,0.490,0.475,0.476,90153200,43375412.00
2024/02/01,0.474,0.486,0.469,0.477,73614100,35141300.00
2024/02/02,0.477,0.481,0.455,0.469,108380000,50956968.00
2024/02/05,0.463,0.480,0.445,0.466,110034000,50683172.00
2024/02/06,0.464,0.501,0.461,0.499,117376200,57091528.00
2024/02/07,0.499,0.518,0.497,0.512,591677100,302078560.00
2024/02/08,0.517,0.530,0.512,0.521,437457924,228721616.00
2024/02/19,0.526,0.526,0.513,0.518,107721282,55948620.00
2024/02/20,0.517,0.523,0.514,0.520,58139400,30170098.00
2024/02/21,0.519,0.531,0.514,0.521,79886200,41833524.00
2024/02/22,0.520,0.524,0.515,0.519,66289600,34346756.00
2024/02/23,0.518,0.521,0.513,0.520,100223400,51770516.00
2024/02/26,0.521,0.530,0.517,0.524,74459600,39014368.00
2024/02/27,0.522,0.531,0.521,0.530,67092102,35208180.00
2024/02/28,0.533,0.542,0.519,0.519,121947100,65149224.00
2024/02/29,0.516,0.531,0.515,0.531,88939410,46670776.00
2024/03/01,0.531,0.531,0.524,0.529,64238013,33862180.00
2024/03/04,0.532,0.539,0.528,0.536,89415700,47618976.00
2024/03/05,0.532,0.536,0.530,0.533,91454000,48691992.00
2024/03/06,0.531,0.536,0.526,0.531,71003400,37675572.00
2024/03/07,0.530,0.531,0.520,0.520,141432400,74779368.00
2024/03/08,0.521,0.524,0.517,0.521,52173100,27142108.00
2024/03/11,0.521,0.536,0.521,0.536,74963413,39600156.00
2024/03/12,0.537,0.542,0.535,0.541,74655100,40192776.00
2024/03/13,0.541,0.541,0.533,0.536,72678200,38959808.00
2024/03/14,0.544,0.546,0.534,0.537,105475100,57027684.00
2024/03/15,0.534,0.543,0.531,0.538,104393300,56045876.00
2024/03/18,0.539,0.545,0.535,0.544,61528900,33230534.00
2024/03/19,0.544,0.546,0.540,0.541,53911200,29275832.00
2024/03/20,0.541,0.545,0.535,0.542,128981944,69456400.00
2024/03/21,0.542,0.544,0.535,0.537,69052500,37211500.00
2024/03/22,0.536,0.537,0.526,0.530,77793600,41215428.00
2024/03/25,0.529,0.532,0.520,0.521,62768200,33003014.00
2024/03/26,0.520,0.521,0.514,0.519,89446100,46262672.00
2024/03/27,0.519,0.520,0.511,0.511,75036100,38752648.00
2024/03/28,0.510,0.515,0.506,0.510,97289800,49595024.00
2024/03/29,0.510,0.513,0.506,0.513,52316600,26647842.00
2024/04/01,0.513,0.520,0.513,0.519,46648300,24094330.00
2024/04/02,0.519,0.520,0.512,0.514,48638100,25035122.00
2024/04/03,0.515,0.515,0.509,0.510,53577500,27437034.00
2024/04/08,0.510,0.510,0.496,0.496,74688500,37355380.00
2024/04/09,0.497,0.506,0.495,0.506,72631000,36351056.00
2024/04/10,0.506,0.506,0.495,0.496,48273900,24060544.00
2024/04/11,0.495,0.498,0.491,0.494,63990100,31709560.00
2024/04/12,0.492,0.497,0.490,0.491,52054100,25690474.00
2024/04/15,0.491,0.499,0.488,0.493,79833400,39433712.00
2024/04/16,0.490,0.490,0.477,0.477,82382300,39681716.00
2024/04/17,0.477,0.490,0.477,0.486,64059100,31069318.00
2024/04/18,0.486,0.493,0.480,0.485,76124100,37077336.00
2024/04/19,0.485,0.486,0.478,0.481,54897900,26409108.00
2024/04/22,0.482,0.495,0.479,0.491,72306700,35430832.00
2024/04/23,0.492,0.499,0.487,0.498,75702400,37392016.00
2024/04/24,0.498,0.501,0.494,0.501,46780800,23269116.00
2024/04/25,0.500,0.507,0.499,0.504,57332200,28836316.00
2024/04/26,0.503,0.511,0.502,0.511,67684200,34391428.00
2024/04/29,0.510,0.526,0.509,0.523,102275100,53223828.00
2024/04/30,0.523,0.527,0.521,0.524,71945300,37728292.00
2024/05/06,0.527,0.539,0.527,0.538,97992500,52443656.00
2024/05/07,0.540,0.543,0.538,0.541,86058600,46567176.00
2024/05/08,0.541,0.547,0.537,0.540,108106900,58506696.00
2024/05/09,0.538,0.546,0.536,0.544,86333500,46814540.00
2024/05/10,0.542,0.546,0.538,0.540,61111800,33055398.00
2024/05/13,0.536,0.538,0.532,0.535,77671800,41540752.00
2024/05/14,0.534,0.542,0.534,0.540,59237100,31936610.00
2024/05/15,0.538,0.539,0.531,0.532,43637100,23321992.00
2024/05/16,0.533,0.534,0.527,0.528,48475200,25754132.00
2024/05/17,0.528,0.532,0.524,0.529,63642700,33575400.00
2024/05/20,0.529,0.532,0.526,0.530,45776600,24226420.00
2024/05/21,0.531,0.532,0.525,0.525,68330400,35979764.00
2024/05/22,0.525,0.529,0.522,0.524,52164600,27367030.00
2024/05/23,0.522,0.524,0.516,0.517,54310000,28232168.00
2024/05/24,0.515,0.520,0.512,0.512,44034100,22684612.00
2024/05/27,0.513,0.514,0.506,0.514,61345800,31244524.00
2024/05/28,0.513,0.513,0.506,0.509,51524100,26195016.00
2024/05/29,0.510,0.512,0.507,0.508,40083400,20415826.00
2024/05/30,0.508,0.512,0.505,0.508,41734000,21213968.00
2024/05/31,0.509,0.513,0.508,0.510,51849400,26472536.00
2024/06/03,0.510,0.511,0.502,0.506,56665200,28694920.00
2024/06/04,0.506,0.510,0.503,0.509,56667400,28720592.00
2024/06/05,0.507,0.516,0.507,0.508,69593800,35591444.00
2024/06/06,0.510,0.511,0.499,0.501,83733200,42201436.00
2024/06/07,0.502,0.504,0.496,0.499,74338200,37120528.00
2024/06/11,0.496,0.505,0.494,0.504,76017200,37874152.00
2024/06/12,0.502,0.505,0.499,0.500,74721000,37487952.00
2024/06/13,0.500,0.500,0.494,0.495,58177500,28903022.00
2024/06/14,0.495,0.496,0.488,0.493,63660400,31285396.00
2024/06/17,0.492,0.493,0.489,0.491,51121300,25076364.00
2024/06/18,0.489,0.493,0.487,0.488,87999200,43055200.00
2024/06/19,0.488,0.490,0.483,0.483,51612200,25072042.00
2024/06/20,0.484,0.489,0.480,0.484,64527300,31218846.00
2024/06/21,0.483,0.485,0.478,0.482,52988100,25483824.00
2024/06/24,0.480,0.481,0.471,0.472,70172700,33459354.00
2024/06/25,0.472,0.476,0.468,0.470,83790300,39509520.00
2024/06/26,0.470,0.483,0.468,0.483,88714401,42201236.00
2024/06/27,0.480,0.481,0.472,0.473,82279700,39112800.00
2024/06/28,0.472,0.480,0.468,0.470,79507600,37614196.00
2024/07/01,0.470,0.471,0.460,0.468,78780900,36758636.00
2024/07/02,0.469,0.469,0.461,0.464,81102000,37693500.00
2024/07/03,0.461,0.463,0.456,0.458,70703000,32412138.00
2024/07/04,0.458,0.459,0.448,0.449,106828000,48253040.00
2024/07/05,0.449,0.463,0.447,0.461,81858600,37178140.00
2024/07/08,0.459,0.460,0.446,0.447,82079500,37071612.00
2024/07/09,0.447,0.452,0.440,0.449,79693300,35522972.00
2024/07/10,0.447,0.455,0.447,0.450,106939000,48256028.00
2024/07/11,0.455,0.462,0.452,0.462,74253800,34085464.00
2024/07/12,0.462,0.466,0.460,0.464,54691400,25317666.00
2024/07/15,0.461,0.463,0.454,0.456,58887300,26916838.00
2024/07/16,0.454,0.457,0.452,0.454,66373100,30133346.00
2024/07/17,0.453,0.463,0.452,0.462,80322000,36856332.00
2024/07/18,0.462,0.469,0.458,0.468,76271500,35408320.00
2024/07/19,0.466,0.471,0.464,0.468,54632800,25527662.00
2024/07/22,0.467,0.474,0.467,0.472,62895800,29625834.00
2024/07/23,0.472,0.472,0.454,0.455,92922200,42834928.00
2024/07/24,0.455,0.456,0.446,0.447,88763600,39923144.00
2024/07/25,0.447,0.452,0.444,0.449,73293900,32883096.00
2024/07/26,0.448,0.454,0.447,0.451,70165900,31598676.00
2024/07/29,0.451,0.451,0.443,0.443,76033800,33897108.00
2024/07/30,0.441,0.444,0.436,0.438,89098500,39036916.00
2024/07/31,0.437,0.459,0.437,0.459,135931500,61213036.00
2024/08/01,0.460,0.461,0.449,0.453,86477000,39236152.00
2024/08/02,0.452,0.466,0.450,0.456,89370800,41032584.00
2024/08/05,0.451,0.466,0.451,0.454,105537400,48424168.00
2024/08/06,0.459,0.465,0.456,0.461,73705800,33890908.00
2024/08/07,0.462,0.463,0.456,0.461,64229100,29512566.00
2024/08/08,0.459,0.467,0.459,0.464,64096000,29664498.00
2024/08/09,0.464,0.468,0.457,0.457,51420100,23754210.00
数据来源:通达信
