515790 光伏ETF 日线 不复权
      日期	    开盘	    最高	    最低	    收盘	    成交量	    成交额
2020/12/18,1.016,1.042,1.013,1.031,752675700,774976320.00
2020/12/21,1.062,1.086,1.054,1.083,1192576200,1278916096.00
2020/12/22,1.083,1.092,1.054,1.056,1274099600,1372365696.00
2020/12/23,1.072,1.133,1.071,1.119,1524729100,1689596928.00
2020/12/24,1.125,1.129,1.101,1.112,1272699100,1415173760.00
2020/12/25,1.109,1.163,1.105,1.157,1296921800,1469646720.00
2020/12/28,1.167,1.169,1.138,1.160,1662164700,1913492096.00
2020/12/29,1.151,1.152,1.086,1.090,3099243500,3429926912.00
2020/12/30,1.099,1.123,1.097,1.113,1356548000,1509416320.00
2020/12/31,1.124,1.147,1.116,1.136,1150560500,1303291520.00
2021/01/04,1.141,1.218,1.132,1.199,1581819400,1862691456.00
2021/01/05,1.190,1.222,1.178,1.199,1383139600,1658375808.00
2021/01/06,1.198,1.204,1.176,1.197,1178033210,1398592128.00
2021/01/07,1.209,1.260,1.200,1.242,1518303310,1865860096.00
2021/01/08,1.250,1.255,1.196,1.219,1790413392,2174087168.00
2021/01/11,1.211,1.211,1.158,1.172,2113610810,2496540416.00
2021/01/12,1.166,1.209,1.161,1.207,1557287892,1853782016.00
2021/01/13,1.203,1.237,1.188,1.200,1297920592,1573186944.00
2021/01/14,1.187,1.193,1.151,1.171,1301091492,1522479104.00
2021/01/15,1.164,1.172,1.133,1.167,1283949300,1482812672.00
2021/01/18,1.155,1.192,1.144,1.187,1031769492,1211272960.00
2021/01/19,1.192,1.203,1.150,1.155,1061655700,1242638592.00
2021/01/20,1.160,1.196,1.154,1.191,1261047151,1489515008.00
2021/01/21,1.210,1.250,1.195,1.239,1775213471,2179585024.00
2021/01/22,1.245,1.290,1.241,1.287,1296348289,1649141376.00
2021/01/25,1.287,1.345,1.268,1.285,1246128427,1625810944.00
2021/01/26,1.276,1.294,1.255,1.270,876041221,1114348672.00
2021/01/27,1.267,1.323,1.235,1.317,1192947219,1522412928.00
2021/01/28,1.277,1.299,1.245,1.251,1257974182,1598712704.00
2021/01/29,1.261,1.272,1.195,1.224,1495606901,1835606016.00
2021/02/01,1.206,1.217,1.176,1.194,1069678088,1276611584.00
2021/02/02,1.204,1.227,1.179,1.215,911739995,1099842432.00
2021/02/03,1.223,1.248,1.204,1.210,894667593,1098877568.00
2021/02/04,1.197,1.224,1.184,1.205,753538834,907556224.00
2021/02/05,1.213,1.242,1.200,1.202,880877217,1074475776.00
2021/02/08,1.197,1.207,1.155,1.203,847273600,1000669440.00
2021/02/09,1.208,1.249,1.204,1.248,905822921,1117592192.00
2021/02/10,1.256,1.288,1.239,1.279,837917987,1063299328.00
2021/02/18,1.292,1.300,1.253,1.266,676970586,862937216.00
2021/02/19,1.255,1.255,1.210,1.244,846761649,1041405312.00
2021/02/22,1.237,1.265,1.200,1.203,963441326,1186899328.00
2021/02/23,1.201,1.212,1.187,1.192,743604672,890308416.00
2021/02/24,1.191,1.200,1.136,1.156,1260125620,1467277824.00
2021/02/25,1.168,1.173,1.146,1.150,547275000,633352832.00
2021/02/26,1.119,1.150,1.106,1.141,749856110,846527616.00
2021/03/01,1.157,1.182,1.153,1.170,658464454,768434496.00
2021/03/02,1.183,1.190,1.148,1.159,595159449,695362688.00
2021/03/03,1.152,1.156,1.131,1.154,534057035,611594752.00
2021/03/04,1.137,1.138,1.077,1.081,1462927918,1608523648.00
2021/03/05,1.052,1.098,1.050,1.084,745650502,803525760.00
2021/03/08,1.089,1.092,1.021,1.023,905304503,951791168.00
2021/03/09,1.019,1.028,0.976,0.993,986073587,990220288.00
2021/03/10,1.018,1.021,0.994,0.998,556402319,559726784.00
2021/03/11,1.000,1.038,0.999,1.036,823999865,843812992.00
2021/03/12,1.048,1.056,1.027,1.053,659334088,689148672.00
2021/03/15,1.041,1.041,1.003,1.012,538678415,549275264.00
2021/03/16,1.009,1.026,1.002,1.018,385697086,391885696.00
2021/03/17,1.014,1.027,0.999,1.023,379838214,385818240.00
2021/03/18,1.025,1.044,1.020,1.041,516070523,532716352.00
2021/03/19,1.021,1.030,1.010,1.015,369639300,376691776.00
2021/03/22,1.014,1.044,1.014,1.037,378076984,391352736.00
2021/03/23,1.038,1.041,1.013,1.022,327075714,334673760.00
2021/03/24,1.017,1.026,0.996,0.999,453207300,455414496.00
2021/03/25,0.992,1.006,0.981,0.998,433563365,430684800.00
2021/03/26,1.005,1.039,1.005,1.033,725436480,744134656.00
2021/03/29,1.032,1.034,1.018,1.026,320901117,329265280.00
2021/03/30,1.020,1.061,1.017,1.055,720967457,754471872.00
2021/03/31,1.050,1.058,1.041,1.049,283144300,296726656.00
2021/04/01,1.055,1.074,1.051,1.059,321340956,341025728.00
2021/04/02,1.059,1.065,1.044,1.058,283555376,298924576.00
2021/04/06,1.063,1.092,1.059,1.080,498188098,537079232.00
2021/04/07,1.078,1.079,1.048,1.060,348151974,367916224.00
2021/04/08,1.054,1.059,1.044,1.053,181304309,191037920.00
2021/04/09,1.046,1.051,1.031,1.035,253207000,263023936.00
2021/04/12,1.032,1.038,1.003,1.006,387941600,393837088.00
2021/04/13,1.001,1.013,0.998,1.001,364520400,365806752.00
2021/04/14,1.001,1.017,1.001,1.016,246652000,249604944.00
2021/04/15,1.011,1.024,1.006,1.021,269314000,273654112.00
2021/04/16,1.019,1.020,1.001,1.016,325642667,328902528.00
2021/04/19,1.013,1.051,1.010,1.050,546801350,567748608.00
2021/04/20,1.045,1.080,1.042,1.062,579067574,617992832.00
2021/04/21,1.063,1.073,1.052,1.061,285456576,303248384.00
2021/04/22,1.070,1.075,1.048,1.063,275363348,292402432.00
2021/04/23,1.061,1.083,1.060,1.073,340140388,365836832.00
2021/04/26,1.075,1.099,1.066,1.067,428156280,465130208.00
2021/04/27,1.064,1.077,1.054,1.068,255961876,272776096.00
2021/04/28,1.067,1.085,1.063,1.084,250811796,270337920.00
2021/04/29,1.090,1.091,1.071,1.080,184782600,199614416.00
2021/04/30,1.079,1.113,1.077,1.105,530183819,583420416.00
2021/05/06,1.097,1.120,1.088,1.102,276989932,306038880.00
2021/05/07,1.104,1.112,1.070,1.071,269066494,292924672.00
2021/05/10,1.065,1.090,1.057,1.084,207696000,224340656.00
2021/05/11,1.069,1.074,1.049,1.072,272200000,288949024.00
2021/05/12,1.064,1.084,1.064,1.083,183741913,197904928.00
2021/05/13,1.067,1.074,1.059,1.060,198451500,211247584.00
2021/05/14,1.063,1.078,1.047,1.074,371112500,395895264.00
2021/05/17,1.076,1.107,1.074,1.105,465589368,510992928.00
2021/05/18,1.103,1.109,1.094,1.101,172423662,189589744.00
2021/05/19,1.101,1.121,1.091,1.118,321734562,358008960.00
2021/05/20,1.118,1.123,1.100,1.109,216166533,239803312.00
2021/05/21,1.120,1.136,1.105,1.110,313820636,350873088.00
2021/05/24,1.109,1.111,1.092,1.110,227918775,250870608.00
2021/05/25,1.105,1.121,1.095,1.121,363311200,403281088.00
2021/05/26,1.120,1.123,1.106,1.108,266665176,296374144.00
2021/05/27,1.107,1.121,1.104,1.116,277987267,310394688.00
2021/05/28,1.120,1.147,1.116,1.131,548896500,622801216.00
2021/05/31,1.128,1.175,1.126,1.173,647340840,749083328.00
2021/06/01,1.170,1.173,1.150,1.169,389931904,453514336.00
2021/06/02,1.179,1.188,1.148,1.150,332299900,386545408.00
2021/06/03,1.148,1.150,1.117,1.119,440459543,497510624.00
2021/06/04,1.110,1.129,1.102,1.116,397790489,443832896.00
2021/06/07,1.115,1.118,1.101,1.112,387870600,430081984.00
2021/06/08,1.109,1.126,1.099,1.107,375892911,417288288.00
2021/06/09,1.107,1.117,1.098,1.114,270100906,299349696.00
2021/06/10,1.119,1.174,1.116,1.166,1000067854,1153147264.00
2021/06/11,1.175,1.205,1.170,1.189,927857244,1103694976.00
2021/06/15,1.193,1.203,1.175,1.179,343991312,407392384.00
2021/06/16,1.171,1.173,1.128,1.131,541396732,618833920.00
2021/06/17,1.131,1.156,1.130,1.155,260266200,298223200.00
2021/06/18,1.157,1.188,1.154,1.181,422786856,496266400.00
2021/06/21,1.174,1.224,1.171,1.214,582094988,703336896.00
2021/06/22,1.217,1.225,1.197,1.219,383575374,465792544.00
2021/06/23,1.222,1.249,1.220,1.235,403334064,498900576.00
2021/06/24,1.261,1.290,1.239,1.276,607510538,770954752.00
2021/06/25,1.276,1.304,1.274,1.281,405078232,521696192.00
2021/06/28,1.289,1.305,1.281,1.299,386699562,501122848.00
2021/06/29,1.311,1.343,1.311,1.335,567609539,755104000.00
2021/06/30,1.330,1.356,1.313,1.353,444714559,597039424.00
2021/07/01,1.358,1.364,1.306,1.308,402200535,534210240.00
2021/07/02,1.298,1.325,1.290,1.294,396271250,517081408.00
2021/07/05,1.294,1.323,1.292,1.317,311374085,407219552.00
2021/07/06,1.317,1.320,1.266,1.289,399529689,516158496.00
2021/07/07,1.279,1.368,1.268,1.358,559976650,744776768.00
2021/07/08,1.367,1.394,1.360,1.373,471792059,649760384.00
2021/07/09,1.360,1.392,1.330,1.383,512199299,697550336.00
2021/07/12,1.396,1.427,1.375,1.401,494187467,693235904.00
2021/07/13,1.401,1.439,1.395,1.425,448931450,637911488.00
2021/07/14,1.415,1.432,1.377,1.385,442316000,620160960.00
2021/07/15,1.374,1.456,1.374,1.455,623130700,887819328.00
2021/07/16,1.451,1.479,1.424,1.430,455626609,661078208.00
2021/07/19,1.421,1.464,1.416,1.422,386511032,555509376.00
2021/07/20,1.401,1.439,1.398,1.430,256436432,364736768.00
2021/07/21,1.443,1.511,1.442,1.510,474310500,702915712.00
2021/07/22,1.515,1.545,1.495,1.542,419299057,637398336.00
2021/07/23,1.537,1.584,1.527,1.554,456944358,709657856.00
2021/07/26,1.540,1.570,1.482,1.547,640081460,980128704.00
2021/07/27,1.539,1.573,1.437,1.439,744914100,1127150976.00
2021/07/28,1.407,1.464,1.370,1.432,683835772,972896832.00
2021/07/29,1.474,1.575,1.468,1.571,831932572,1264663168.00
2021/07/30,1.570,1.660,1.556,1.616,799027396,1286392960.00
2021/08/02,1.617,1.664,1.581,1.625,697843857,1131485696.00
2021/08/03,1.622,1.624,1.538,1.555,626965210,982690624.00
2021/08/04,1.547,1.672,1.540,1.670,604176754,985970944.00
2021/08/05,1.657,1.692,1.633,1.679,463521809,772041856.00
2021/08/06,1.684,1.725,1.663,1.699,446581981,756885632.00
2021/08/09,1.678,1.685,1.618,1.672,527749218,872610816.00
2021/08/10,1.660,1.725,1.633,1.675,561299054,945463424.00
2021/08/11,1.655,1.686,1.639,1.671,377349204,628051584.00
2021/08/12,1.663,1.677,1.635,1.665,336970339,557798144.00
2021/08/13,1.643,1.686,1.621,1.637,400548566,661141888.00
2021/08/16,1.620,1.646,1.600,1.612,345074916,558155520.00
2021/08/17,1.611,1.640,1.578,1.593,353706530,570554688.00
2021/08/18,1.593,1.610,1.545,1.566,436408802,687598336.00
2021/08/19,1.556,1.620,1.541,1.598,372849740,588468096.00
2021/08/20,1.583,1.627,1.573,1.609,364155824,583039872.00
2021/08/23,1.628,1.670,1.602,1.668,379473546,622866560.00
2021/08/24,1.674,1.720,1.653,1.686,383725212,649624192.00
2021/08/25,1.685,1.767,1.677,1.766,485465212,836496576.00
2021/08/26,1.760,1.798,1.751,1.754,468268147,831924672.00
2021/08/27,1.741,1.808,1.735,1.794,393910121,701888704.00
2021/08/30,1.810,1.925,1.799,1.901,552837438,1036986304.00
2021/08/31,1.895,1.895,1.844,1.872,607601480,1133347328.00
2021/09/01,1.888,1.898,1.732,1.769,846982665,1518245888.00
2021/09/02,1.760,1.875,1.760,1.872,535844328,984304512.00
2021/09/03,1.885,1.912,1.786,1.804,645980094,1193138304.00
2021/09/06,1.786,1.805,1.700,1.774,661494293,1158636416.00
2021/09/07,1.771,1.819,1.751,1.819,535208825,959660160.00
2021/09/08,1.819,1.841,1.741,1.752,664207032,1180092416.00
2021/09/09,1.748,1.760,1.706,1.749,665095570,1147946624.00
2021/09/10,1.739,1.787,1.723,1.781,660841967,1165316608.00
2021/09/13,1.775,1.776,1.707,1.722,672692750,1161289344.00
2021/09/14,1.702,1.747,1.690,1.723,471923827,813509120.00
2021/09/15,1.730,1.774,1.719,1.767,555837247,976038208.00
2021/09/16,1.768,1.771,1.660,1.666,926759971,1578610688.00
2021/09/17,1.656,1.680,1.597,1.639,711333325,1164887040.00
2021/09/22,1.616,1.680,1.616,1.670,492809296,819611072.00
2021/09/23,1.685,1.700,1.667,1.674,470086788,791408256.00
2021/09/24,1.670,1.739,1.637,1.706,506803995,863337984.00
2021/09/27,1.718,1.732,1.640,1.689,515458055,868764864.00
2021/09/28,1.688,1.712,1.661,1.666,358003436,602250688.00
2021/09/29,1.639,1.695,1.636,1.660,464899010,776975872.00
2021/09/30,1.659,1.696,1.649,1.693,363198880,609588160.00
2021/10/08,1.713,1.720,1.632,1.647,461377943,763768576.00
2021/10/11,1.646,1.659,1.606,1.621,416109260,679207936.00
2021/10/12,1.618,1.630,1.569,1.597,456892280,731152512.00
2021/10/13,1.604,1.676,1.596,1.672,683330897,1122088192.00
2021/10/14,1.661,1.733,1.660,1.703,583330826,995069248.00
2021/10/15,1.705,1.750,1.688,1.744,462036053,797842304.00
2021/10/18,1.754,1.781,1.740,1.772,531585927,938396928.00
2021/10/19,1.775,1.784,1.754,1.772,336855720,596395840.00
2021/10/20,1.768,1.833,1.760,1.812,405304836,734603328.00
2021/10/21,1.801,1.802,1.760,1.772,491027987,872151104.00
2021/10/22,1.768,1.781,1.740,1.749,401631521,705757760.00
2021/10/25,1.752,1.840,1.752,1.825,573621444,1039705088.00
2021/10/26,1.835,1.846,1.803,1.809,372320244,678269184.00
2021/10/27,1.818,1.860,1.812,1.853,516912715,953953152.00
2021/10/28,1.847,1.863,1.807,1.826,479098746,880217792.00
2021/10/29,1.808,1.885,1.764,1.881,651841456,1191308928.00
2021/11/01,1.870,1.904,1.824,1.864,553508055,1033285184.00
2021/11/02,1.843,1.855,1.800,1.817,683768942,1249142784.00
2021/11/03,1.803,1.825,1.757,1.784,593965825,1060590528.00
2021/11/04,1.796,1.839,1.796,1.816,488898500,890795072.00
2021/11/05,1.803,1.817,1.768,1.776,440971037,788989824.00
2021/11/08,1.758,1.800,1.754,1.791,327662407,583830848.00
2021/11/09,1.830,1.848,1.793,1.815,522782810,951343808.00
2021/11/10,1.797,1.807,1.756,1.789,535748557,953170432.00
2021/11/11,1.791,1.819,1.779,1.793,412343500,741226880.00
2021/11/12,1.809,1.835,1.808,1.829,487787558,890478080.00
2021/11/15,1.828,1.828,1.755,1.765,705494610,1252682624.00
2021/11/16,1.755,1.771,1.726,1.734,437341585,763499648.00
2021/11/17,1.740,1.787,1.728,1.778,521010786,916610624.00
2021/11/18,1.776,1.780,1.749,1.764,277267352,488546912.00
2021/11/19,1.759,1.804,1.748,1.792,471138917,837829184.00
2021/11/22,1.797,1.834,1.797,1.830,421455350,766303552.00
2021/11/23,1.826,1.849,1.812,1.817,340200700,622742080.00
2021/11/24,1.817,1.817,1.766,1.770,602319711,1071873408.00
2021/11/25,1.763,1.765,1.740,1.742,489558100,855931712.00
2021/11/26,1.739,1.761,1.736,1.748,328849700,575434048.00
2021/11/29,1.726,1.781,1.721,1.769,481495800,849663488.00
2021/11/30,1.782,1.788,1.756,1.773,375582079,664749696.00
2021/12/01,1.768,1.782,1.742,1.756,320461523,562607680.00
2021/12/02,1.742,1.748,1.721,1.730,400529820,694009664.00
2021/12/03,1.722,1.731,1.700,1.730,469578395,805572864.00
2021/12/06,1.732,1.756,1.721,1.724,339719305,590636032.00
2021/12/07,1.730,1.735,1.686,1.722,421163724,718988608.00
2021/12/08,1.726,1.754,1.713,1.747,489838573,851192896.00
2021/12/09,1.740,1.751,1.728,1.740,354508925,616666048.00
2021/12/10,1.730,1.780,1.726,1.771,540349300,951937792.00
2021/12/13,1.771,1.802,1.762,1.788,474798623,847628800.00
2021/12/14,1.786,1.794,1.766,1.774,270027000,480393824.00
2021/12/15,1.771,1.793,1.764,1.778,293116000,522362944.00
2021/12/16,1.787,1.797,1.776,1.797,295821300,529544608.00
2021/12/17,1.794,1.794,1.735,1.736,372632837,655398976.00
2021/12/20,1.716,1.730,1.646,1.654,670528349,1121770240.00
2021/12/21,1.654,1.666,1.620,1.663,423443017,696014592.00
2021/12/22,1.665,1.671,1.650,1.657,287080737,477018208.00
2021/12/23,1.659,1.696,1.647,1.688,328791103,552863232.00
2021/12/24,1.687,1.695,1.621,1.629,416739587,685770560.00
2021/12/27,1.615,1.633,1.585,1.609,285651491,460231520.00
2021/12/28,1.612,1.645,1.598,1.641,302709643,489416320.00
2021/12/29,1.637,1.665,1.626,1.644,436331142,718066624.00
2021/12/30,1.647,1.668,1.640,1.648,309453686,512031200.00
2021/12/31,1.682,1.722,1.682,1.712,657299283,1124751744.00
2022/01/04,1.720,1.731,1.621,1.629,636530400,1047934720.00
2022/01/05,1.632,1.634,1.562,1.569,537800772,853153792.00
2022/01/06,1.552,1.583,1.536,1.572,398667525,622510592.00
2022/01/07,1.569,1.580,1.526,1.534,479509259,740717440.00
2022/01/10,1.530,1.532,1.504,1.516,321636606,488412416.00
2022/01/11,1.514,1.526,1.486,1.491,405260161,607783424.00
2022/01/12,1.508,1.543,1.501,1.542,501257916,763045056.00
2022/01/13,1.541,1.546,1.506,1.517,324802791,494308768.00
2022/01/14,1.501,1.547,1.501,1.531,248881300,381057504.00
2022/01/17,1.532,1.573,1.531,1.552,349626780,544423616.00
2022/01/18,1.545,1.564,1.529,1.548,217656380,337443392.00
2022/01/19,1.540,1.546,1.506,1.518,285002137,433371872.00
2022/01/20,1.510,1.523,1.495,1.500,240026468,361328064.00
2022/01/21,1.495,1.523,1.488,1.500,232449574,349761280.00
2022/01/24,1.492,1.552,1.482,1.546,421229200,643201216.00
2022/01/25,1.531,1.551,1.502,1.505,347174232,530981280.00
2022/01/26,1.514,1.539,1.506,1.536,376386432,574765568.00
2022/01/27,1.528,1.538,1.473,1.477,477452500,716234560.00
2022/01/28,1.492,1.498,1.425,1.455,515459763,751506944.00
2022/02/07,1.479,1.503,1.475,1.480,254581461,378737920.00
2022/02/08,1.480,1.480,1.400,1.432,431011600,615657152.00
2022/02/09,1.428,1.438,1.403,1.435,279064211,396459392.00
2022/02/10,1.439,1.442,1.382,1.395,426235289,598185920.00
2022/02/11,1.381,1.393,1.349,1.351,435720119,597346624.00
2022/02/14,1.338,1.366,1.330,1.350,304870180,411145216.00
2022/02/15,1.352,1.399,1.345,1.397,436941639,602390144.00
2022/02/16,1.408,1.414,1.390,1.396,238123157,333682560.00
2022/02/17,1.396,1.447,1.389,1.431,404438998,577290304.00
2022/02/18,1.420,1.436,1.413,1.426,310055600,441225824.00
2022/02/21,1.422,1.433,1.406,1.428,196090894,278192512.00
2022/02/22,1.420,1.464,1.409,1.448,444048145,638919360.00
2022/02/23,1.452,1.504,1.452,1.502,408306300,607402112.00
2022/02/24,1.490,1.550,1.480,1.512,741769082,1123451008.00
2022/02/25,1.541,1.557,1.515,1.531,504207835,775065792.00
2022/02/28,1.535,1.576,1.527,1.574,446428489,692787136.00
2022/03/01,1.607,1.628,1.571,1.582,464933087,741800960.00
2022/03/02,1.577,1.600,1.544,1.591,470172899,738524288.00
2022/03/03,1.599,1.610,1.557,1.562,354219728,557528960.00
2022/03/04,1.537,1.579,1.537,1.549,368902421,574312896.00
2022/03/07,1.534,1.554,1.512,1.520,421727184,644054144.00
2022/03/08,1.520,1.561,1.505,1.513,494237899,758556416.00
2022/03/09,1.540,1.551,1.444,1.524,683167349,1030388992.00
2022/03/10,1.574,1.599,1.557,1.577,748880057,1178206208.00
2022/03/11,1.540,1.566,1.512,1.557,645928602,996290432.00
2022/03/14,1.538,1.561,1.511,1.512,383775265,588874368.00
2022/03/15,1.489,1.537,1.467,1.471,627618235,937676160.00
2022/03/16,1.501,1.537,1.432,1.535,906032458,1354206080.00
2022/03/17,1.548,1.555,1.515,1.523,769364502,1180661376.00
2022/03/18,1.506,1.514,1.490,1.509,431304900,648276096.00
2022/03/21,1.504,1.538,1.501,1.520,467281378,710848448.00
2022/03/22,1.514,1.522,1.474,1.485,498120301,743385216.00
2022/03/23,1.500,1.519,1.483,1.496,385679399,579220544.00
2022/03/24,1.480,1.484,1.448,1.468,388893793,568813440.00
2022/03/25,1.467,1.473,1.415,1.416,536876980,772014784.00
2022/03/28,1.402,1.432,1.401,1.419,422569924,598373312.00
2022/03/29,1.429,1.440,1.398,1.413,467299607,663481024.00
2022/03/30,1.421,1.452,1.408,1.451,526498168,755583360.00
2022/03/31,1.440,1.442,1.400,1.403,528843027,746349184.00
2022/04/01,1.388,1.424,1.381,1.403,586784462,824415872.00
2022/04/06,1.388,1.388,1.344,1.356,591350397,802761024.00
2022/04/07,1.339,1.358,1.330,1.333,413112532,554052352.00
2022/04/08,1.335,1.350,1.311,1.326,391571400,520510944.00
2022/04/11,1.314,1.317,1.259,1.260,638980900,814431936.00
2022/04/12,1.266,1.280,1.242,1.277,426588726,539252928.00
2022/04/13,1.268,1.283,1.253,1.257,357774950,453846848.00
2022/04/14,1.265,1.272,1.232,1.249,462616200,577642048.00
2022/04/15,1.232,1.245,1.213,1.237,485056172,595719616.00
2022/04/18,1.221,1.288,1.217,1.286,550127251,694434496.00
2022/04/19,1.286,1.316,1.283,1.292,435607972,565511168.00
2022/04/20,1.255,1.271,1.233,1.235,574295220,718410240.00
2022/04/21,1.221,1.238,1.166,1.172,570881651,683277696.00
2022/04/22,1.160,1.172,1.148,1.156,672164704,778783808.00
2022/04/25,1.125,1.137,1.072,1.079,506652627,562118080.00
2022/04/26,1.079,1.097,1.052,1.056,407406819,438150880.00
2022/04/27,1.045,1.151,1.040,1.149,842901177,932648064.00
2022/04/28,1.133,1.181,1.123,1.158,749745423,869156928.00
2022/04/29,1.161,1.210,1.153,1.199,711777443,842758272.00
2022/05/05,1.198,1.234,1.198,1.210,481122500,585258496.00
2022/05/06,1.178,1.211,1.178,1.189,494098900,589294208.00
2022/05/09,1.186,1.224,1.177,1.212,266144150,321642400.00
2022/05/10,1.183,1.265,1.181,1.243,486673354,603124608.00
2022/05/11,1.246,1.313,1.246,1.281,546776285,703241024.00
2022/05/12,1.271,1.280,1.259,1.271,354882795,450271808.00
2022/05/13,1.279,1.288,1.265,1.275,429447500,547218816.00
2022/05/16,1.281,1.305,1.255,1.258,404450789,513917920.00
2022/05/17,1.257,1.309,1.257,1.306,573953840,739035008.00
2022/05/18,1.307,1.335,1.296,1.323,568743102,749469056.00
2022/05/19,1.305,1.408,1.303,1.398,922378471,1259872512.00
2022/05/20,1.405,1.412,1.383,1.411,514520740,720177536.00
2022/05/23,1.407,1.411,1.378,1.407,461474507,642873472.00
2022/05/24,1.407,1.418,1.356,1.358,762175814,1055169024.00
2022/05/25,1.360,1.378,1.346,1.377,562218391,766299776.00
2022/05/26,1.375,1.393,1.350,1.372,411592595,565168896.00
2022/05/27,1.379,1.394,1.350,1.363,369674774,507204352.00
2022/05/30,1.368,1.371,1.344,1.370,351526436,477894592.00
2022/05/31,1.391,1.415,1.366,1.411,660388619,920546624.00
2022/06/01,1.402,1.411,1.389,1.399,442178601,617953280.00
2022/06/02,1.395,1.438,1.388,1.434,504636915,717056576.00
2022/06/06,1.435,1.523,1.433,1.503,837720892,1248633984.00
2022/06/07,1.528,1.550,1.499,1.508,718360664,1093305344.00
2022/06/08,1.500,1.519,1.470,1.504,791974024,1184665472.00
2022/06/09,1.496,1.526,1.479,1.495,900830492,1351120256.00
2022/06/10,1.480,1.541,1.470,1.534,820734015,1243048832.00
2022/06/13,1.522,1.561,1.522,1.548,707814916,1090748288.00
2022/06/14,1.527,1.527,1.461,1.518,929839082,1392356480.00
2022/06/15,1.516,1.540,1.482,1.493,819442882,1234220928.00
2022/06/16,1.495,1.553,1.495,1.537,648523108,994230080.00
2022/06/17,1.527,1.579,1.524,1.572,556386212,869825856.00
2022/06/20,1.592,1.616,1.564,1.589,625247610,995246720.00
2022/06/21,1.590,1.609,1.549,1.569,556964664,876037888.00
2022/06/22,1.568,1.629,1.561,1.592,644942641,1031594688.00
2022/06/23,1.600,1.622,1.567,1.619,541865018,866322304.00
2022/06/24,1.629,1.670,1.626,1.669,534754803,886199424.00
2022/06/27,1.688,1.691,1.652,1.667,623740891,1041666944.00
2022/06/28,1.668,1.714,1.645,1.710,552107070,928398208.00
2022/06/29,1.700,1.710,1.621,1.639,620563330,1033059136.00
2022/06/30,1.628,1.706,1.628,1.692,807872581,1350985472.00
2022/07/01,1.695,1.714,1.660,1.669,485973570,818142208.00
2022/07/04,1.650,1.706,1.634,1.704,698549642,1175682432.00
2022/07/05,1.705,1.729,1.690,1.724,544314219,930608832.00
2022/07/06,1.714,1.735,1.692,1.711,438190450,752617984.00
2022/07/07,1.709,1.774,1.686,1.770,682856578,1189568384.00
2022/07/08,1.786,1.792,1.715,1.720,598781597,1044168192.00
2022/07/11,1.703,1.718,1.658,1.684,638490182,1075365120.00
2022/07/12,1.685,1.724,1.666,1.674,479962983,811105344.00
2022/07/13,1.670,1.722,1.647,1.707,698110545,1181466880.00
2022/07/14,1.700,1.788,1.696,1.769,605042228,1060563200.00
2022/07/15,1.750,1.788,1.745,1.754,448924269,795532672.00
2022/07/18,1.759,1.771,1.710,1.757,419901048,732383872.00
2022/07/19,1.749,1.752,1.708,1.712,353349105,610212672.00
2022/07/20,1.716,1.736,1.705,1.726,304646613,524538912.00
2022/07/21,1.725,1.742,1.703,1.704,300881727,518185952.00
2022/07/22,1.707,1.753,1.703,1.726,410038783,707171904.00
2022/07/25,1.721,1.725,1.666,1.670,432893647,728807680.00
2022/07/26,1.663,1.721,1.661,1.704,382160988,647576896.00
2022/07/27,1.704,1.762,1.698,1.759,548752305,955302208.00
2022/07/28,1.776,1.794,1.745,1.758,432881041,765891840.00
2022/07/29,1.758,1.794,1.750,1.756,384954275,681141120.00
2022/08/01,1.740,1.772,1.713,1.771,339427727,592252224.00
2022/08/02,1.740,1.762,1.712,1.733,554023843,961999168.00
2022/08/03,1.740,1.764,1.662,1.675,584137347,998809792.00
2022/08/04,1.677,1.693,1.641,1.676,477325243,794719360.00
2022/08/05,1.675,1.688,1.645,1.677,412054564,686019712.00
2022/08/08,1.670,1.693,1.634,1.692,430565164,720336448.00
2022/08/09,1.691,1.770,1.682,1.749,630042017,1099257728.00
2022/08/10,1.735,1.771,1.727,1.755,406975752,712951616.00
2022/08/11,1.763,1.770,1.722,1.758,393613042,687891264.00
2022/08/12,1.752,1.762,1.723,1.724,286337242,497770560.00
2022/08/15,1.720,1.803,1.717,1.796,546291782,976040576.00
2022/08/16,1.799,1.847,1.791,1.825,507194427,925822016.00
2022/08/17,1.821,1.868,1.820,1.827,431327083,794306816.00
2022/08/18,1.821,1.876,1.821,1.869,447162069,831369024.00
2022/08/19,1.867,1.873,1.797,1.821,624374946,1141692544.00
2022/08/22,1.800,1.819,1.776,1.811,386724318,696934912.00
2022/08/23,1.799,1.859,1.799,1.838,444917453,818636224.00
2022/08/24,1.838,1.838,1.773,1.775,523244921,940809280.00
2022/08/25,1.783,1.791,1.715,1.739,462164623,804672896.00
2022/08/26,1.745,1.764,1.706,1.717,342459300,593943552.00
2022/08/29,1.678,1.748,1.673,1.745,355652076,615012480.00
2022/08/30,1.748,1.755,1.711,1.716,347905947,601638208.00
2022/08/31,1.704,1.719,1.604,1.608,634374284,1039608384.00
2022/09/01,1.605,1.626,1.593,1.609,418860033,674453376.00
2022/09/02,1.602,1.619,1.560,1.587,450309933,713876160.00
2022/09/05,1.581,1.629,1.579,1.612,424923797,685161728.00
2022/09/06,1.619,1.693,1.593,1.690,643273015,1063488000.00
2022/09/07,1.671,1.739,1.670,1.708,448961851,769937664.00
2022/09/08,1.708,1.732,1.698,1.704,264207298,452696704.00
2022/09/09,1.705,1.706,1.657,1.679,346644102,579491008.00
2022/09/13,1.683,1.688,1.642,1.668,268852645,446254944.00
2022/09/14,1.642,1.673,1.627,1.642,312325367,513866016.00
2022/09/15,1.645,1.650,1.513,1.532,961512099,1494986112.00
2022/09/16,1.518,1.557,1.511,1.512,511235749,783880448.00
2022/09/19,1.506,1.533,1.487,1.499,371159629,558505216.00
2022/09/20,1.514,1.574,1.514,1.546,545555221,843943808.00
2022/09/21,1.537,1.557,1.516,1.523,368113666,564605888.00
2022/09/22,1.512,1.558,1.492,1.536,378739918,580702080.00
2022/09/23,1.532,1.560,1.504,1.521,475806926,724189056.00
2022/09/26,1.510,1.572,1.502,1.544,446332340,688695488.00
2022/09/27,1.545,1.565,1.526,1.553,366218900,565055616.00
2022/09/28,1.553,1.567,1.491,1.493,455941813,692663040.00
2022/09/29,1.512,1.533,1.480,1.520,411511021,622609024.00
2022/09/30,1.515,1.525,1.471,1.479,472340299,703775616.00
2022/10/10,1.473,1.499,1.435,1.446,332697583,486483808.00
2022/10/11,1.448,1.478,1.448,1.461,328394488,480481216.00
2022/10/12,1.461,1.523,1.419,1.520,627532266,924272896.00
2022/10/13,1.508,1.551,1.504,1.514,512524885,782874624.00
2022/10/14,1.537,1.608,1.509,1.582,818152563,1274650496.00
2022/10/17,1.560,1.570,1.525,1.561,597124579,922747328.00
2022/10/18,1.570,1.591,1.551,1.567,402459710,631186880.00
2022/10/19,1.559,1.583,1.541,1.545,358983319,560192000.00
2022/10/20,1.530,1.530,1.482,1.505,506820512,761317184.00
2022/10/21,1.503,1.525,1.494,1.512,350466269,529324000.00
2022/10/24,1.512,1.519,1.465,1.482,436771308,651892992.00
2022/10/25,1.479,1.541,1.463,1.522,493991198,745010432.00
2022/10/26,1.520,1.563,1.510,1.559,484885016,746997568.00
2022/10/27,1.586,1.620,1.546,1.548,508252786,806156992.00
2022/10/28,1.530,1.556,1.494,1.499,422645225,644331840.00
2022/10/31,1.488,1.513,1.467,1.479,462165239,687043712.00
2022/11/01,1.479,1.545,1.479,1.542,525683477,795844352.00
2022/11/02,1.533,1.569,1.521,1.560,471197462,727325184.00
2022/11/03,1.544,1.600,1.544,1.573,401006323,632463488.00
2022/11/04,1.575,1.647,1.574,1.645,659757687,1069326208.00
2022/11/07,1.639,1.654,1.616,1.630,374802556,612275648.00
2022/11/08,1.632,1.632,1.587,1.607,360887327,578079744.00
2022/11/09,1.601,1.604,1.571,1.575,407921778,645768192.00
2022/11/10,1.562,1.569,1.528,1.537,464505420,717776192.00
2022/11/11,1.582,1.592,1.534,1.544,593214051,923607232.00
2022/11/14,1.532,1.545,1.484,1.496,734866399,1105945856.00
2022/11/15,1.494,1.529,1.491,1.528,591440546,893807808.00
2022/11/16,1.529,1.530,1.496,1.499,518244717,780981184.00
2022/11/17,1.489,1.495,1.460,1.477,775969186,1139890816.00
2022/11/18,1.477,1.507,1.329,1.483,532114538,791129856.00
2022/11/21,1.475,1.497,1.468,1.489,382153338,567513472.00
2022/11/22,1.482,1.485,1.443,1.452,436831626,636368128.00
2022/11/23,1.449,1.507,1.439,1.500,597700174,883182464.00
2022/11/24,1.499,1.513,1.489,1.493,364898241,547521728.00
2022/11/25,1.481,1.482,1.451,1.454,371176037,542151232.00
2022/11/28,1.426,1.449,1.420,1.443,304420893,437462304.00
2022/11/29,1.444,1.459,1.433,1.445,363545458,525310688.00
2022/11/30,1.445,1.464,1.437,1.447,344975142,499776640.00
2022/12/01,1.467,1.479,1.452,1.467,551306146,809626048.00
2022/12/02,1.461,1.501,1.457,1.482,489240568,728045248.00
2022/12/05,1.472,1.474,1.430,1.441,679626179,979973632.00
2022/12/06,1.437,1.445,1.412,1.429,481430744,687576768.00
2022/12/07,1.420,1.448,1.418,1.430,446678934,640209984.00
2022/12/08,1.427,1.464,1.421,1.439,474767521,686837184.00
2022/12/09,1.437,1.440,1.420,1.429,409537600,584638592.00
2022/12/12,1.422,1.425,1.402,1.409,352624302,497167296.00
2022/12/13,1.408,1.412,1.370,1.373,535053071,741360576.00
2022/12/14,1.373,1.381,1.352,1.363,325906295,444542656.00
2022/12/15,1.360,1.381,1.354,1.381,402601448,551232576.00
2022/12/16,1.374,1.374,1.342,1.348,352824397,477942560.00
2022/12/19,1.346,1.366,1.335,1.337,306631562,413729024.00
2022/12/20,1.337,1.349,1.326,1.342,337391471,451288896.00
2022/12/21,1.343,1.345,1.303,1.308,332559184,438538784.00
2022/12/22,1.314,1.316,1.267,1.272,478877798,616507648.00
2022/12/23,1.263,1.274,1.240,1.252,427190140,535144576.00
2022/12/26,1.252,1.330,1.248,1.329,702625446,913007104.00
2022/12/27,1.328,1.368,1.325,1.362,697920160,942175936.00
2022/12/28,1.349,1.382,1.345,1.370,467636114,639547072.00
2022/12/29,1.362,1.384,1.361,1.361,322756724,442038912.00
2022/12/30,1.368,1.386,1.361,1.374,420229524,578671232.00
2023/01/03,1.375,1.400,1.350,1.395,500703000,689574528.00
2023/01/04,1.393,1.394,1.350,1.364,432386519,591937792.00
2023/01/05,1.360,1.395,1.359,1.385,475696283,655321216.00
2023/01/06,1.393,1.478,1.393,1.455,1109462347,1619635584.00
2023/01/09,1.463,1.484,1.444,1.460,530099513,777435584.00
2023/01/10,1.468,1.485,1.458,1.466,368683312,541998016.00
2023/01/11,1.460,1.471,1.444,1.446,352083715,512112608.00
2023/01/12,1.447,1.467,1.446,1.449,305705940,444895520.00
2023/01/13,1.456,1.460,1.430,1.447,304384300,438996416.00
2023/01/16,1.447,1.482,1.434,1.462,540622246,789398400.00
2023/01/17,1.463,1.478,1.457,1.469,385771100,565643328.00
2023/01/18,1.477,1.482,1.461,1.471,413888700,609746240.00
2023/01/19,1.465,1.469,1.452,1.463,279791700,408402688.00
2023/01/20,1.471,1.499,1.467,1.498,482357293,717494336.00
2023/01/30,1.520,1.528,1.501,1.504,480428499,726210048.00
2023/01/31,1.503,1.528,1.496,1.521,462490450,702096896.00
2023/02/01,1.527,1.527,1.485,1.514,620166500,932701632.00
2023/02/02,1.513,1.515,1.492,1.500,363118725,545597504.00
2023/02/03,1.491,1.494,1.453,1.470,454156214,666525952.00
2023/02/06,1.458,1.472,1.450,1.463,329346936,480629760.00
2023/02/07,1.464,1.475,1.449,1.460,299627634,437399360.00
2023/02/08,1.459,1.472,1.453,1.453,269717800,394178464.00
2023/02/09,1.450,1.482,1.442,1.478,397081899,583111040.00
2023/02/10,1.470,1.473,1.445,1.451,315186664,458606048.00
2023/02/13,1.448,1.465,1.444,1.455,255161151,370526400.00
2023/02/14,1.456,1.462,1.442,1.453,282997137,410243808.00
2023/02/15,1.453,1.470,1.441,1.444,287431352,417260640.00
2023/02/16,1.442,1.456,1.407,1.417,457921594,656943232.00
2023/02/17,1.414,1.423,1.386,1.388,479621946,672611776.00
2023/02/20,1.386,1.420,1.378,1.418,420693225,589553920.00
2023/02/21,1.417,1.449,1.410,1.438,404917710,578494976.00
2023/02/22,1.426,1.449,1.422,1.425,256299800,367847456.00
2023/02/23,1.426,1.466,1.426,1.461,579137365,840756544.00
2023/02/24,1.464,1.464,1.432,1.436,318918968,460048192.00
2023/02/27,1.428,1.468,1.420,1.442,346969227,502081216.00
2023/02/28,1.439,1.447,1.423,1.444,293224151,420996128.00
2023/03/01,1.440,1.444,1.419,1.427,513081400,731184576.00
2023/03/02,1.429,1.433,1.395,1.398,420001352,591576704.00
2023/03/03,1.398,1.413,1.395,1.398,309607760,433844256.00
2023/03/06,1.399,1.453,1.389,1.447,766970254,1094668160.00
2023/03/07,1.440,1.452,1.431,1.433,433514214,622965952.00
2023/03/08,1.427,1.453,1.410,1.416,466193714,666394240.00
2023/03/09,1.420,1.426,1.405,1.407,253606914,358315200.00
2023/03/10,1.400,1.409,1.381,1.393,390154300,543412736.00
2023/03/13,1.392,1.411,1.383,1.392,292865900,408975072.00
2023/03/14,1.390,1.393,1.336,1.365,543854436,739245440.00
2023/03/15,1.368,1.395,1.362,1.367,287084455,395097280.00
2023/03/16,1.356,1.357,1.299,1.303,574694516,760038976.00
2023/03/17,1.310,1.318,1.288,1.296,374866600,486799808.00
2023/03/20,1.290,1.324,1.271,1.308,511743890,665523392.00
2023/03/21,1.305,1.316,1.292,1.315,440612700,574866048.00
2023/03/22,1.325,1.335,1.306,1.311,426350578,563175552.00
2023/03/23,1.304,1.315,1.300,1.306,382525106,498987040.00
2023/03/24,1.305,1.326,1.288,1.314,514428946,673113408.00
2023/03/27,1.311,1.342,1.303,1.336,745001673,989824960.00
2023/03/28,1.334,1.339,1.317,1.318,365159300,484309600.00
2023/03/29,1.328,1.337,1.310,1.320,487121200,644716352.00
2023/03/30,1.320,1.342,1.308,1.341,753750976,1002434432.00
2023/03/31,1.346,1.360,1.335,1.341,601968672,809863488.00
2023/04/03,1.341,1.365,1.332,1.355,544631463,734113984.00
2023/04/04,1.355,1.355,1.307,1.321,1139890620,1508984448.00
2023/04/06,1.316,1.335,1.311,1.330,491137200,649257856.00
2023/04/07,1.326,1.341,1.322,1.327,476917504,634873216.00
2023/04/10,1.333,1.347,1.323,1.346,736236420,985167744.00
2023/04/11,1.344,1.350,1.332,1.341,503589245,674991232.00
2023/04/12,1.342,1.343,1.311,1.316,634647232,837757056.00
2023/04/13,1.322,1.328,1.305,1.306,618149832,811499968.00
2023/04/14,1.306,1.320,1.296,1.315,486253653,637157696.00
2023/04/17,1.312,1.334,1.310,1.323,455505287,603111872.00
2023/04/18,1.325,1.345,1.319,1.339,650873489,869203136.00
2023/04/19,1.335,1.335,1.314,1.314,585933517,774129024.00
2023/04/20,1.315,1.315,1.285,1.288,670348385,867502912.00
2023/04/21,1.292,1.309,1.275,1.279,543833971,703937088.00
2023/04/24,1.282,1.282,1.237,1.245,671702175,839603776.00
2023/04/25,1.249,1.266,1.208,1.215,814995661,997832256.00
2023/04/26,1.210,1.310,1.206,1.296,1148450702,1460975872.00
2023/04/27,1.299,1.302,1.267,1.281,749556683,960075008.00
2023/04/28,1.285,1.290,1.261,1.271,598362332,760389376.00
2023/05/04,1.257,1.292,1.251,1.267,536498892,683191680.00
2023/05/05,1.259,1.259,1.222,1.239,656442200,811905920.00
2023/05/08,1.239,1.257,1.228,1.244,443669800,551195200.00
2023/05/09,1.243,1.243,1.222,1.223,477190943,587048384.00
2023/05/10,1.221,1.246,1.207,1.235,573019383,701825280.00
2023/05/11,1.230,1.254,1.223,1.235,444785712,551141312.00
2023/05/12,1.230,1.236,1.206,1.207,480688755,584703616.00
2023/05/15,1.205,1.253,1.205,1.249,721710986,893828032.00
2023/05/16,1.249,1.274,1.244,1.254,579825820,729811584.00
2023/05/17,1.264,1.270,1.244,1.258,434399500,545252288.00
2023/05/18,1.258,1.260,1.228,1.236,582520000,722596928.00
2023/05/19,1.230,1.238,1.223,1.234,391044797,481152896.00
2023/05/22,1.233,1.247,1.228,1.241,491491886,608644928.00
2023/05/23,1.242,1.262,1.234,1.238,512227218,637730176.00
2023/05/24,1.232,1.279,1.229,1.262,811876946,1021287040.00
2023/05/25,1.261,1.300,1.255,1.286,1107236196,1422965760.00
2023/05/26,1.281,1.281,1.240,1.253,697176708,873159040.00
2023/05/29,1.243,1.248,1.206,1.210,795881987,968448320.00
2023/05/30,1.203,1.218,1.182,1.197,635261708,760755840.00
2023/05/31,1.191,1.196,1.176,1.179,465322976,550281280.00
2023/06/01,1.181,1.192,1.165,1.167,585370728,689457472.00
2023/06/02,1.168,1.186,1.166,1.179,573142600,675566592.00
2023/06/05,1.176,1.178,1.151,1.154,504515119,584303552.00
2023/06/06,1.153,1.154,1.130,1.143,615127638,701994944.00
2023/06/07,1.141,1.145,1.121,1.127,570070298,643736256.00
2023/06/08,1.125,1.147,1.125,1.129,629490270,714817024.00
2023/06/09,1.127,1.145,1.117,1.143,533088351,601923392.00
2023/06/12,1.136,1.160,1.127,1.151,594762875,681424256.00
2023/06/13,1.146,1.159,1.141,1.150,416704866,478559904.00
2023/06/14,1.151,1.154,1.135,1.135,540278538,617884544.00
2023/06/15,1.136,1.200,1.130,1.198,1090959368,1279479424.00
2023/06/16,1.201,1.222,1.195,1.220,1003508362,1214685440.00
2023/06/19,1.219,1.221,1.201,1.214,513326712,621137920.00
2023/06/20,1.211,1.227,1.204,1.218,687755256,836998656.00
2023/06/21,1.211,1.232,1.198,1.199,540289008,656142016.00
2023/06/26,1.185,1.233,1.182,1.216,680665715,819149056.00
2023/06/27,1.212,1.245,1.208,1.221,646830011,792074176.00
2023/06/28,1.220,1.238,1.214,1.235,543295569,667475520.00
2023/06/29,1.230,1.257,1.229,1.231,578941799,718846144.00
2023/06/30,1.226,1.253,1.218,1.243,538157426,666814784.00
2023/07/03,1.247,1.267,1.244,1.248,555705138,696540928.00
2023/07/04,1.243,1.253,1.227,1.231,530575596,655984768.00
2023/07/05,1.230,1.235,1.211,1.213,485095900,591238528.00
2023/07/06,1.213,1.220,1.205,1.213,389984435,472652928.00
2023/07/07,1.206,1.209,1.188,1.190,465217962,557157120.00
2023/07/10,1.193,1.238,1.188,1.225,756600425,924254016.00
2023/07/11,1.228,1.230,1.207,1.218,484659442,588802176.00
2023/07/12,1.215,1.243,1.199,1.228,647221286,791408512.00
2023/07/13,1.236,1.253,1.230,1.236,578921007,716119488.00
2023/07/14,1.236,1.236,1.213,1.217,448342281,547483328.00
2023/07/17,1.213,1.218,1.202,1.209,314472757,379926560.00
2023/07/18,1.213,1.213,1.192,1.199,374414593,448621120.00
2023/07/19,1.197,1.198,1.175,1.182,546796816,646420736.00
2023/07/20,1.184,1.192,1.173,1.174,366750299,433824224.00
2023/07/21,1.172,1.174,1.158,1.163,387545083,451351328.00
2023/07/24,1.156,1.166,1.146,1.151,402756300,464404096.00
2023/07/25,1.163,1.175,1.160,1.169,507933645,592931968.00
2023/07/26,1.169,1.184,1.164,1.172,452314661,531022784.00
2023/07/27,1.174,1.178,1.153,1.159,486191200,565865536.00
2023/07/28,1.152,1.171,1.148,1.169,740972287,862070144.00
2023/07/31,1.175,1.190,1.171,1.178,560428075,660910784.00
2023/08/01,1.175,1.177,1.153,1.161,497943932,578859840.00
2023/08/02,1.159,1.164,1.152,1.153,316576572,365877760.00
2023/08/03,1.156,1.182,1.155,1.174,595079378,697418880.00
2023/08/04,1.175,1.185,1.169,1.181,524746946,618241088.00
2023/08/07,1.180,1.180,1.166,1.171,320949450,375432384.00
2023/08/08,1.180,1.182,1.158,1.160,364052401,424438720.00
2023/08/09,1.157,1.162,1.152,1.155,326519200,377412608.00
2023/08/10,1.155,1.174,1.155,1.169,414707600,483831360.00
2023/08/11,1.168,1.168,1.141,1.142,462593900,532988768.00
2023/08/14,1.131,1.135,1.117,1.134,418536083,471214880.00
2023/08/15,1.131,1.133,1.097,1.103,761553242,844414528.00
2023/08/16,1.097,1.110,1.085,1.086,442375275,484792896.00
2023/08/17,1.081,1.091,1.071,1.088,408429693,441923744.00
2023/08/18,1.088,1.101,1.080,1.083,407716349,444639520.00
2023/08/21,1.077,1.077,1.050,1.052,529842674,561934208.00
2023/08/22,1.055,1.059,1.017,1.041,667332112,690703296.00
2023/08/23,1.034,1.035,1.008,1.009,456606317,466198592.00
2023/08/24,1.010,1.043,1.010,1.033,602667030,619491776.00
2023/08/25,1.024,1.040,1.017,1.025,394980363,405538560.00
2023/08/28,1.090,1.097,1.033,1.040,801540844,847117952.00
2023/08/29,1.034,1.065,1.033,1.063,501122251,527642304.00
2023/08/30,1.062,1.079,1.058,1.064,424190977,453058080.00
2023/08/31,1.063,1.063,1.048,1.051,349144892,367720960.00
2023/09/01,1.052,1.057,1.047,1.050,190638387,200196464.00
2023/09/04,1.053,1.061,1.040,1.057,360947030,379765600.00
2023/09/05,1.055,1.074,1.045,1.066,491114300,521401952.00
2023/09/06,1.060,1.064,1.047,1.054,414715600,436958656.00
2023/09/07,1.050,1.050,1.021,1.022,651117824,671203776.00
2023/09/08,1.019,1.024,1.007,1.010,353290624,357404896.00
2023/09/11,1.011,1.025,1.003,1.019,303801801,308656192.00
2023/09/12,1.017,1.028,1.010,1.021,297705414,303502848.00
2023/09/13,1.018,1.023,1.003,1.009,373687400,377394976.00
2023/09/14,1.007,1.008,0.995,0.996,382924100,382697056.00
2023/09/15,1.000,1.004,0.988,0.991,324943800,323095616.00
2023/09/18,0.987,1.007,0.981,0.998,396807400,395118688.00
2023/09/19,0.995,0.997,0.979,0.982,370164800,364734976.00
2023/09/20,0.981,0.983,0.971,0.972,297475382,290231648.00
2023/09/21,0.967,0.974,0.961,0.961,319221500,308518912.00
2023/09/22,0.959,0.980,0.958,0.979,403001479,390948160.00
2023/09/25,0.975,0.984,0.965,0.979,386269965,376244448.00
2023/09/26,0.979,0.984,0.973,0.976,314172400,307205120.00
2023/09/27,0.977,1.018,0.977,1.010,724103898,726884160.00
2023/09/28,1.004,1.015,1.003,1.011,317537951,320619616.00
2023/10/09,1.008,1.009,0.996,1.005,336995769,337761376.00
2023/10/10,1.005,1.008,0.989,0.992,288348671,287498240.00
2023/10/11,0.998,1.010,0.988,0.994,342843571,342468128.00
2023/10/12,0.999,1.010,0.991,1.007,488526272,489102048.00
2023/10/13,0.999,1.000,0.980,0.988,408331800,402999040.00
2023/10/16,0.985,0.990,0.962,0.967,341132369,331605632.00
2023/10/17,0.969,0.975,0.960,0.968,258574800,250205024.00
2023/10/18,0.965,0.966,0.950,0.951,295269900,282104672.00
2023/10/19,0.948,0.955,0.939,0.945,386406100,365723744.00
2023/10/20,0.939,0.959,0.936,0.946,417429200,396592608.00
2023/10/23,0.943,0.945,0.911,0.914,552066413,510172128.00
2023/10/24,0.918,0.925,0.907,0.922,360421906,330686656.00
2023/10/25,0.927,0.936,0.913,0.916,472135352,435774624.00
2023/10/26,0.905,0.905,0.881,0.898,539683540,481171520.00
2023/10/27,0.891,0.934,0.890,0.929,645505033,589927424.00
2023/10/30,0.923,0.942,0.920,0.939,519307893,483278752.00
2023/10/31,0.931,0.937,0.915,0.922,366480900,338493568.00
2023/11/01,0.923,0.924,0.905,0.908,340888100,310724320.00
2023/11/02,0.907,0.911,0.885,0.887,404320045,362392288.00
2023/11/03,0.888,0.909,0.888,0.906,492330200,444502112.00
2023/11/06,0.910,0.939,0.908,0.935,575093288,534765184.00
2023/11/07,0.930,0.939,0.922,0.936,308308343,286832096.00
2023/11/08,0.932,0.944,0.929,0.936,787449032,737595264.00
2023/11/09,0.936,0.965,0.933,0.959,849652533,811766400.00
2023/11/10,0.952,0.952,0.936,0.941,427062994,402157920.00
2023/11/13,0.945,0.953,0.939,0.950,338325344,319980320.00
2023/11/14,0.953,0.958,0.941,0.946,513361115,486312352.00
2023/11/15,0.960,0.971,0.954,0.962,666759134,641584128.00
2023/11/16,0.959,0.959,0.932,0.932,781526732,734112832.00
2023/11/17,0.926,0.938,0.926,0.934,363772200,339038528.00
2023/11/20,0.935,0.939,0.922,0.935,337431600,313731456.00
2023/11/21,0.938,0.942,0.926,0.927,301657335,282047360.00
2023/11/22,0.923,0.926,0.907,0.908,307029728,281342720.00
2023/11/23,0.908,0.914,0.904,0.913,311133324,282986528.00
2023/11/24,0.911,0.911,0.896,0.896,357756252,322494656.00
2023/11/27,0.895,0.896,0.879,0.882,438069893,387207104.00
2023/11/28,0.882,0.889,0.877,0.885,277977600,245345728.00
2023/11/29,0.884,0.886,0.871,0.873,337108628,295683008.00
2023/11/30,0.876,0.878,0.864,0.865,356128065,309877312.00
2023/12/01,0.865,0.866,0.852,0.862,408317927,350919104.00
2023/12/04,0.864,0.865,0.849,0.850,333794517,285752512.00
2023/12/05,0.848,0.857,0.833,0.833,402972900,341064928.00
2023/12/06,0.832,0.853,0.828,0.846,423513106,357981248.00
2023/12/07,0.842,0.843,0.828,0.835,380598662,317340864.00
2023/12/08,0.838,0.842,0.831,0.835,289616725,242303056.00
2023/12/11,0.830,0.838,0.817,0.838,393641093,324751584.00
2023/12/12,0.833,0.838,0.827,0.830,301242583,250424832.00
2023/12/13,0.826,0.826,0.808,0.808,413869569,337354048.00
2023/12/14,0.812,0.822,0.805,0.807,335776806,272736032.00
2023/12/15,0.812,0.827,0.808,0.812,580796968,474475744.00
2023/12/18,0.806,0.812,0.790,0.791,401919000,321401184.00
2023/12/19,0.790,0.810,0.788,0.802,605249963,484619680.00
2023/12/20,0.805,0.805,0.793,0.794,295989800,236447264.00
2023/12/21,0.791,0.828,0.788,0.822,1040384350,844291968.00
2023/12/22,0.817,0.843,0.809,0.834,995094700,822040960.00
2023/12/25,0.829,0.840,0.828,0.834,329056950,274123328.00
2023/12/26,0.833,0.839,0.827,0.834,433762448,361158912.00
2023/12/27,0.835,0.836,0.820,0.829,516783235,426781120.00
2023/12/28,0.827,0.902,0.824,0.901,1581537168,1388936448.00
2023/12/29,0.893,0.895,0.883,0.890,878246200,780743680.00
2024/01/02,0.886,0.888,0.871,0.872,582445207,511128576.00
2024/01/03,0.870,0.880,0.866,0.876,553443555,482769344.00
2024/01/04,0.872,0.872,0.851,0.857,584044811,502302048.00
2024/01/05,0.855,0.870,0.836,0.844,669834530,570570880.00
2024/01/08,0.840,0.856,0.835,0.838,580872432,490727424.00
2024/01/09,0.840,0.874,0.827,0.855,882530071,752064960.00
2024/01/10,0.846,0.883,0.843,0.867,1009422302,876539520.00
2024/01/11,0.863,0.882,0.861,0.879,803832240,702004608.00
2024/01/12,0.877,0.903,0.870,0.880,1074109910,954838528.00
2024/01/15,0.874,0.887,0.868,0.872,569188200,498538976.00
2024/01/16,0.870,0.892,0.862,0.888,782721176,688998144.00
2024/01/17,0.883,0.885,0.856,0.857,626402778,544698048.00
2024/01/18,0.850,0.897,0.845,0.896,1206897700,1056691968.00
2024/01/19,0.895,0.903,0.872,0.872,967566351,855433920.00
2024/01/22,0.867,0.875,0.841,0.847,879158363,753532224.00
2024/01/23,0.847,0.880,0.840,0.864,972391253,839639744.00
2024/01/24,0.865,0.867,0.828,0.855,839711638,710926976.00
2024/01/25,0.848,0.864,0.830,0.863,950682455,807347520.00
2024/01/26,0.854,0.866,0.844,0.846,647344900,553050368.00
2024/01/29,0.839,0.840,0.791,0.792,1052718733,851745472.00
2024/01/30,0.785,0.799,0.775,0.776,730414321,575295872.00
2024/01/31,0.772,0.786,0.756,0.757,613503072,472033088.00
2024/02/01,0.752,0.786,0.751,0.771,695717666,537562752.00
2024/02/02,0.767,0.772,0.718,0.739,639063519,477912224.00
2024/02/05,0.732,0.738,0.690,0.718,593549907,426647040.00
2024/02/06,0.711,0.766,0.708,0.765,692576852,515191424.00
2024/02/07,0.766,0.791,0.765,0.783,493891030,386203840.00
2024/02/08,0.796,0.805,0.785,0.801,425386617,339441280.00
2024/02/19,0.801,0.804,0.791,0.800,331363827,264464336.00
2024/02/20,0.795,0.796,0.782,0.794,249333636,196716736.00
2024/02/21,0.787,0.821,0.784,0.805,443231846,357737088.00
2024/02/22,0.803,0.825,0.803,0.813,412584215,335331456.00
2024/02/23,0.819,0.832,0.815,0.824,570945508,470333312.00
2024/02/26,0.822,0.829,0.811,0.818,351869700,288034368.00
2024/02/27,0.814,0.832,0.812,0.832,429481605,353537056.00
2024/02/28,0.838,0.864,0.815,0.817,906777217,763001792.00
2024/02/29,0.810,0.845,0.806,0.844,573796897,476696704.00
2024/03/01,0.846,0.858,0.835,0.858,547099098,464258208.00
2024/03/04,0.858,0.870,0.853,0.862,424387314,364995904.00
2024/03/05,0.855,0.856,0.844,0.850,364286300,309413376.00
2024/03/06,0.846,0.890,0.844,0.874,773831514,673463936.00
2024/03/07,0.871,0.874,0.849,0.850,557541005,480488864.00
2024/03/08,0.852,0.883,0.852,0.882,713721281,624355840.00
2024/03/11,0.898,0.918,0.891,0.917,971618035,877703040.00
2024/03/12,0.917,0.925,0.907,0.911,605503250,552830208.00
2024/03/13,0.909,0.910,0.898,0.902,436981800,394514592.00
2024/03/14,0.899,0.904,0.882,0.890,457069070,408427008.00
2024/03/15,0.885,0.890,0.870,0.884,418101640,367354048.00
2024/03/18,0.888,0.900,0.883,0.900,438654765,390679328.00
2024/03/19,0.900,0.909,0.885,0.886,515495300,462274304.00
2024/03/20,0.886,0.899,0.881,0.887,436454525,386955200.00
2024/03/21,0.885,0.889,0.871,0.874,417879229,366335328.00
2024/03/22,0.871,0.872,0.849,0.850,540748542,462556928.00
2024/03/25,0.847,0.862,0.841,0.842,343375336,291818080.00
2024/03/26,0.840,0.856,0.836,0.853,416446008,352245728.00
2024/03/27,0.848,0.851,0.826,0.827,396316711,332651104.00
2024/03/28,0.827,0.844,0.826,0.833,424407496,354290976.00
2024/03/29,0.833,0.841,0.827,0.835,289085481,240895600.00
2024/04/01,0.840,0.870,0.838,0.869,542287900,466066144.00
2024/04/02,0.869,0.869,0.856,0.861,286833105,246941136.00
2024/04/03,0.860,0.861,0.850,0.857,235077331,200994176.00
2024/04/08,0.855,0.855,0.833,0.833,289567300,243890432.00
2024/04/09,0.832,0.842,0.829,0.839,219387100,183525536.00
2024/04/10,0.840,0.840,0.818,0.823,256917652,212070144.00
2024/04/11,0.818,0.830,0.813,0.822,287413300,236602736.00
2024/04/12,0.822,0.825,0.799,0.801,336787100,272767264.00
2024/04/15,0.800,0.820,0.799,0.811,356241300,289236544.00
2024/04/16,0.806,0.811,0.788,0.789,302482717,241336288.00
2024/04/17,0.792,0.810,0.792,0.809,300672744,241343808.00
2024/04/18,0.806,0.814,0.796,0.805,240707479,194121408.00
2024/04/19,0.800,0.801,0.778,0.782,301468899,236759616.00
2024/04/22,0.782,0.800,0.781,0.786,281890854,222651376.00
2024/04/23,0.791,0.798,0.773,0.777,275290211,214804448.00
2024/04/24,0.776,0.778,0.761,0.769,283356300,217462320.00
2024/04/25,0.765,0.776,0.757,0.767,352511100,270590880.00
2024/04/26,0.762,0.786,0.762,0.785,362404944,282030816.00
2024/04/29,0.785,0.820,0.783,0.812,624065700,502680992.00
2024/04/30,0.803,0.809,0.791,0.793,436754844,347626784.00
2024/05/06,0.801,0.811,0.801,0.805,416383500,335378464.00
2024/05/07,0.803,0.809,0.796,0.806,336708400,270765120.00
2024/05/08,0.802,0.804,0.792,0.793,308717500,245982704.00
2024/05/09,0.796,0.824,0.796,0.814,609567800,496132352.00
2024/05/10,0.814,0.815,0.799,0.810,401873100,323884544.00
2024/05/13,0.801,0.817,0.796,0.809,405863000,328124256.00
2024/05/14,0.809,0.812,0.800,0.801,310598400,249630944.00
2024/05/15,0.806,0.814,0.791,0.793,429854500,344069888.00
2024/05/16,0.792,0.800,0.787,0.791,416318200,330315616.00
2024/05/17,0.784,0.791,0.776,0.790,573224627,448260288.00
2024/05/20,0.786,0.798,0.786,0.792,322822500,255335264.00
2024/05/21,0.788,0.789,0.778,0.780,297215800,232397744.00
2024/05/22,0.786,0.835,0.786,0.829,1302766700,1058808576.00
2024/05/23,0.821,0.823,0.804,0.807,838206100,680850048.00
2024/05/24,0.807,0.820,0.798,0.799,640540000,518648864.00
2024/05/27,0.800,0.802,0.781,0.795,524385900,413528128.00
2024/05/28,0.790,0.802,0.787,0.790,539852000,427800352.00
2024/05/29,0.796,0.824,0.796,0.808,1107993000,901415488.00
2024/05/30,0.815,0.819,0.803,0.805,738152100,597278464.00
2024/05/31,0.805,0.809,0.792,0.794,548893400,438912992.00
2024/06/03,0.790,0.792,0.780,0.788,518977000,407353664.00
2024/06/04,0.785,0.802,0.780,0.800,499976794,395926848.00
2024/06/05,0.797,0.801,0.788,0.789,434523700,345588800.00
2024/06/06,0.788,0.796,0.767,0.769,711176186,553713664.00
2024/06/07,0.769,0.773,0.750,0.758,588805632,447395584.00
2024/06/11,0.754,0.765,0.748,0.763,363616000,275120640.00
2024/06/12,0.761,0.762,0.756,0.760,284010400,215519792.00
2024/06/13,0.761,0.765,0.757,0.758,318130100,242121376.00
2024/06/14,0.757,0.760,0.748,0.755,383976512,289760032.00
2024/06/17,0.750,0.757,0.743,0.753,404083000,303504224.00
2024/06/18,0.752,0.765,0.750,0.759,476030800,360935392.00
2024/06/19,0.757,0.760,0.742,0.743,454459010,338945600.00
2024/06/20,0.742,0.742,0.722,0.723,484727600,353480800.00
2024/06/21,0.726,0.733,0.719,0.723,473328608,343299008.00
2024/06/24,0.716,0.717,0.704,0.705,444141700,315571200.00
2024/06/25,0.706,0.708,0.684,0.688,505463700,350508224.00
2024/06/26,0.688,0.699,0.681,0.699,653953500,451433344.00
2024/06/27,0.694,0.695,0.681,0.682,386686500,265627360.00
2024/06/28,0.682,0.691,0.677,0.680,384514336,263619616.00
数据来源:通达信
