513060 恒生医疗ETF 日线 不复权
      日期	    开盘	    最高	    最低	    收盘	    成交量	    成交额
2021/03/29,0.995,1.003,0.981,0.983,164619800,163457888.00
2021/03/30,0.994,1.028,0.994,1.022,139266920,141482752.00
2021/03/31,1.025,1.027,1.000,1.013,31585800,31980734.00
2021/04/01,1.018,1.047,1.018,1.044,39115200,40490220.00
2021/04/02,1.045,1.045,1.036,1.039,17297400,17975434.00
2021/04/06,1.037,1.045,1.034,1.041,7675700,7994543.00
2021/04/07,1.042,1.050,1.023,1.033,17525300,18094346.00
2021/04/08,1.033,1.053,1.026,1.051,23919200,24928130.00
2021/04/09,1.051,1.054,1.023,1.028,22958700,23723290.00
2021/04/12,1.027,1.036,1.008,1.010,16328700,16639447.00
2021/04/13,1.011,1.032,1.010,1.015,13713400,14004034.00
2021/04/14,1.026,1.034,1.019,1.031,13036400,13382686.00
2021/04/15,1.029,1.036,1.014,1.023,9065100,9262127.00
2021/04/16,1.032,1.035,1.019,1.022,16432100,16836878.00
2021/04/19,1.023,1.056,1.017,1.052,20352300,21308764.00
2021/04/20,1.044,1.055,1.041,1.051,16009500,16816022.00
2021/04/21,1.048,1.055,1.034,1.054,17633300,18495672.00
2021/04/22,1.062,1.071,1.049,1.069,16523100,17544008.00
2021/04/23,1.069,1.108,1.069,1.100,34317600,37722468.00
2021/04/26,1.110,1.129,1.099,1.100,45153000,50367460.00
2021/04/27,1.099,1.114,1.091,1.113,28568100,31578680.00
2021/04/28,1.114,1.125,1.106,1.123,21207200,23724270.00
2021/04/29,1.125,1.130,1.110,1.116,26988600,30170552.00
2021/04/30,1.116,1.119,1.102,1.108,16911400,18758386.00
2021/05/06,1.100,1.108,1.054,1.075,30184700,32416440.00
2021/05/07,1.074,1.088,1.056,1.056,20592200,22023580.00
2021/05/10,1.066,1.092,1.066,1.076,23474900,25360004.00
2021/05/11,1.067,1.077,1.037,1.065,31730800,33393408.00
2021/05/12,1.065,1.074,1.055,1.073,29323000,31164432.00
2021/05/13,1.063,1.090,1.060,1.074,37283400,40183128.00
2021/05/14,1.079,1.088,1.058,1.085,55174100,59219112.00
2021/05/17,1.089,1.109,1.089,1.105,24969800,27545800.00
2021/05/18,1.101,1.127,1.101,1.119,22473800,25107658.00
2021/05/19,1.128,1.128,1.116,1.116,6253000,6997579.00
2021/05/20,1.117,1.136,1.112,1.117,24046200,26950352.00
2021/05/21,1.122,1.143,1.122,1.142,22453400,25480234.00
2021/05/24,1.150,1.158,1.109,1.135,35123300,39520592.00
2021/05/25,1.145,1.162,1.144,1.152,35314000,40639496.00
2021/05/26,1.157,1.157,1.138,1.151,28243500,32434740.00
2021/05/27,1.150,1.167,1.150,1.163,33555200,38943960.00
2021/05/28,1.163,1.168,1.130,1.134,35368600,40753416.00
2021/05/31,1.130,1.168,1.130,1.166,34847200,40389064.00
2021/06/01,1.169,1.180,1.155,1.179,45013100,52762184.00
2021/06/02,1.180,1.190,1.169,1.169,25930100,30547216.00
2021/06/03,1.169,1.185,1.163,1.164,39154400,46042384.00
2021/06/04,1.165,1.171,1.158,1.160,30765400,35823296.00
2021/06/07,1.172,1.174,1.138,1.160,31835100,36683484.00
2021/06/08,1.164,1.174,1.145,1.148,28483900,32923748.00
2021/06/09,1.149,1.163,1.142,1.162,26074800,30176216.00
2021/06/10,1.164,1.177,1.164,1.169,44362300,51916584.00
2021/06/11,1.172,1.182,1.163,1.176,28407100,33334136.00
2021/06/15,1.177,1.184,1.155,1.160,29104000,33841928.00
2021/06/16,1.159,1.159,1.118,1.123,46738200,52939184.00
2021/06/17,1.114,1.136,1.113,1.130,53033100,59844176.00
2021/06/18,1.131,1.158,1.131,1.158,39951800,46021316.00
2021/06/21,1.159,1.181,1.147,1.170,53234300,62243200.00
2021/06/22,1.169,1.190,1.160,1.187,56180400,66225408.00
2021/06/23,1.186,1.219,1.185,1.214,66259300,79914424.00
2021/06/24,1.216,1.226,1.211,1.219,46731500,56983536.00
2021/06/25,1.223,1.231,1.214,1.220,37493300,45787704.00
2021/06/28,1.222,1.246,1.219,1.245,31661000,39146340.00
2021/06/29,1.245,1.249,1.218,1.218,37748600,46446220.00
2021/06/30,1.218,1.229,1.209,1.210,43701500,53147924.00
2021/07/01,1.211,1.221,1.211,1.220,17168700,20889244.00
2021/07/02,1.220,1.230,1.180,1.181,50524300,60623216.00
2021/07/05,1.181,1.190,1.164,1.172,30236900,35560292.00
2021/07/06,1.172,1.172,1.093,1.121,85019600,95193328.00
2021/07/07,1.115,1.151,1.113,1.145,69601400,79399456.00
2021/07/08,1.145,1.157,1.104,1.105,68596600,77193616.00
2021/07/09,1.106,1.120,1.080,1.113,78109700,86357288.00
2021/07/12,1.120,1.146,1.107,1.143,85790700,97227824.00
2021/07/13,1.145,1.151,1.127,1.129,54248300,61655260.00
2021/07/14,1.135,1.173,1.134,1.166,102044200,118556152.00
2021/07/15,1.170,1.184,1.147,1.161,112146800,129715680.00
2021/07/16,1.165,1.169,1.147,1.149,52276600,60531040.00
2021/07/19,1.148,1.163,1.138,1.157,76468200,88356960.00
2021/07/20,1.156,1.168,1.124,1.127,92726500,105880608.00
2021/07/21,1.134,1.137,1.122,1.125,51082700,57663508.00
2021/07/22,1.129,1.134,1.112,1.116,53416600,59742872.00
2021/07/23,1.115,1.123,1.090,1.096,54442700,59965784.00
2021/07/26,1.087,1.087,1.000,1.014,85712400,88128776.00
2021/07/27,0.996,1.004,0.913,0.914,129350300,124023912.00
2021/07/28,0.925,0.973,0.920,0.967,154938800,147190384.00
2021/07/29,1.010,1.031,1.000,1.024,87526100,89543064.00
2021/07/30,1.010,1.011,0.985,0.998,90709700,90375480.00
2021/08/02,1.010,1.015,0.973,1.006,89696100,89234848.00
2021/08/03,1.008,1.035,1.006,1.025,112911500,115712616.00
2021/08/04,1.031,1.043,1.017,1.039,102744900,106333008.00
2021/08/05,1.047,1.051,1.017,1.019,86951500,90129312.00
2021/08/06,1.018,1.020,0.990,0.994,57339900,57326540.00
2021/08/09,0.990,1.000,0.976,0.997,56099400,55631104.00
2021/08/10,1.006,1.028,1.000,1.023,60162800,60976080.00
2021/08/11,1.019,1.026,1.000,1.000,64108200,65089772.00
2021/08/12,0.999,1.003,0.967,0.970,86568600,84519760.00
2021/08/13,0.971,0.988,0.965,0.972,63168300,61629128.00
2021/08/16,0.978,0.982,0.959,0.960,46796600,45396708.00
2021/08/17,0.965,0.972,0.931,0.935,74263600,70716992.00
2021/08/18,0.945,0.949,0.934,0.935,37264300,35063608.00
2021/08/19,0.938,0.947,0.926,0.927,59105300,55394592.00
2021/08/20,0.922,0.928,0.851,0.868,143884200,125921640.00
2021/08/23,0.879,0.900,0.864,0.892,108989100,96989136.00
2021/08/24,0.914,0.933,0.910,0.922,84648800,78144216.00
2021/08/25,0.940,0.952,0.916,0.918,108864800,102187784.00
2021/08/26,0.920,0.924,0.887,0.891,95397000,86308048.00
2021/08/27,0.895,0.907,0.883,0.884,89414800,80159384.00
2021/08/30,0.886,0.905,0.883,0.902,89202600,79980760.00
2021/08/31,0.906,0.910,0.887,0.907,88760300,79865208.00
2021/09/01,0.917,0.928,0.899,0.920,121584300,111153392.00
2021/09/02,0.927,0.938,0.916,0.918,73823100,68577608.00
2021/09/03,0.921,0.938,0.918,0.932,84030800,77983168.00
2021/09/06,0.932,0.954,0.928,0.952,92718800,87580176.00
2021/09/07,0.956,0.957,0.943,0.949,74292500,70403488.00
2021/09/08,0.952,0.954,0.936,0.939,90589400,85540840.00
2021/09/09,0.935,0.945,0.921,0.922,102841403,96050536.00
2021/09/10,0.924,0.929,0.922,0.924,67860600,62805844.00
2021/09/13,0.924,0.928,0.904,0.907,64485800,58924872.00
2021/09/14,0.912,0.934,0.909,0.922,98694100,91016928.00
2021/09/15,0.922,0.925,0.898,0.900,80305200,73079632.00
2021/09/16,0.902,0.905,0.875,0.876,107025900,94465344.00
2021/09/17,0.883,0.924,0.873,0.921,132621900,120199000.00
2021/09/22,0.921,0.922,0.911,0.920,18605800,17096156.00
2021/09/23,0.928,0.931,0.910,0.913,99161000,91137176.00
2021/09/24,0.913,0.927,0.904,0.906,99048600,90667168.00
2021/09/27,0.911,0.927,0.903,0.904,116704900,106792088.00
2021/09/28,0.909,0.912,0.889,0.908,104810600,94411472.00
2021/09/29,0.903,0.903,0.882,0.887,101518000,90185576.00
2021/09/30,0.890,0.902,0.885,0.898,93805900,83893400.00
2021/10/08,0.902,0.905,0.860,0.861,162050200,141454352.00
2021/10/11,0.865,0.882,0.864,0.871,90726000,79375096.00
2021/10/12,0.866,0.874,0.853,0.856,107760400,93281600.00
2021/10/13,0.858,0.872,0.856,0.867,85045100,73586088.00
2021/10/14,0.868,0.871,0.860,0.861,49307000,42701408.00
2021/10/15,0.865,0.866,0.848,0.851,128950400,110072488.00
2021/10/18,0.852,0.858,0.851,0.856,78570600,67111400.00
2021/10/19,0.858,0.875,0.858,0.875,105683500,91641032.00
2021/10/20,0.880,0.885,0.868,0.879,124610000,109356720.00
2021/10/21,0.881,0.887,0.863,0.865,96769400,84519624.00
2021/10/22,0.868,0.869,0.865,0.867,87186500,75603104.00
2021/10/25,0.866,0.874,0.863,0.866,94931500,82341600.00
2021/10/26,0.866,0.868,0.850,0.850,109040242,93337648.00
2021/10/27,0.850,0.850,0.821,0.822,127040500,105458008.00
2021/10/28,0.824,0.825,0.811,0.813,106868000,87511184.00
2021/10/29,0.814,0.817,0.804,0.814,111014300,90236480.00
2021/11/01,0.815,0.818,0.789,0.792,158321000,126319824.00
2021/11/02,0.796,0.804,0.776,0.777,135194200,106793968.00
2021/11/03,0.781,0.791,0.775,0.776,144505200,112920000.00
2021/11/04,0.781,0.785,0.765,0.769,132498100,102481896.00
2021/11/05,0.768,0.774,0.762,0.763,114357800,87886992.00
2021/11/08,0.761,0.762,0.743,0.750,129044100,96626528.00
2021/11/09,0.754,0.779,0.754,0.778,151372900,116511488.00
2021/11/10,0.778,0.797,0.773,0.796,194040400,152598496.00
2021/11/11,0.801,0.808,0.792,0.802,144298200,115387520.00
2021/11/12,0.807,0.810,0.800,0.802,93812700,75532088.00
2021/11/15,0.803,0.819,0.803,0.812,112042600,91090984.00
2021/11/16,0.812,0.835,0.812,0.829,156284500,129034624.00
2021/11/17,0.834,0.840,0.828,0.839,99827800,83489728.00
2021/11/18,0.838,0.838,0.822,0.824,79739800,65882744.00
2021/11/19,0.818,0.831,0.814,0.822,76318100,62881728.00
2021/11/22,0.829,0.832,0.809,0.812,88152600,72085160.00
2021/11/23,0.806,0.810,0.794,0.797,127087500,101584240.00
2021/11/24,0.797,0.802,0.788,0.800,113820900,90549680.00
2021/11/25,0.802,0.811,0.795,0.809,141250900,113571528.00
2021/11/26,0.808,0.816,0.799,0.802,121065800,97674792.00
2021/11/29,0.807,0.822,0.796,0.800,176453200,142467280.00
2021/11/30,0.799,0.806,0.783,0.789,171177300,135674720.00
2021/12/01,0.786,0.790,0.777,0.778,124452500,97517104.00
2021/12/02,0.771,0.778,0.762,0.764,128080700,98292160.00
2021/12/03,0.763,0.773,0.762,0.769,129234900,99212328.00
2021/12/06,0.763,0.765,0.729,0.730,304569000,225930144.00
2021/12/07,0.736,0.742,0.733,0.741,174319100,128705816.00
2021/12/08,0.748,0.760,0.747,0.756,179674100,135757328.00
2021/12/09,0.758,0.780,0.758,0.780,152364400,117573800.00
2021/12/10,0.777,0.778,0.766,0.767,146183900,112949952.00
2021/12/13,0.771,0.774,0.749,0.753,174775700,133233392.00
2021/12/14,0.748,0.758,0.745,0.746,176020300,132271776.00
2021/12/15,0.746,0.749,0.687,0.689,457758900,329042944.00
2021/12/16,0.698,0.706,0.695,0.706,343137600,240292688.00
2021/12/17,0.718,0.724,0.695,0.698,295125000,208721632.00
2021/12/20,0.699,0.708,0.681,0.683,258624900,179279232.00
2021/12/21,0.686,0.694,0.680,0.689,213322700,146234992.00
2021/12/22,0.692,0.696,0.687,0.688,184728600,127705384.00
2021/12/23,0.692,0.696,0.689,0.692,167321300,115823520.00
2021/12/24,0.692,0.693,0.683,0.686,136462900,93711200.00
2021/12/27,0.683,0.688,0.683,0.688,65249700,44745432.00
2021/12/28,0.689,0.690,0.672,0.680,241709400,163755968.00
2021/12/29,0.675,0.678,0.661,0.661,211088000,140676256.00
2021/12/30,0.662,0.669,0.658,0.665,197434900,130963056.00
2021/12/31,0.675,0.691,0.675,0.691,250255800,171543568.00
2022/01/04,0.681,0.687,0.661,0.664,325133800,217388144.00
2022/01/05,0.663,0.663,0.641,0.643,350341000,226557408.00
2022/01/06,0.636,0.639,0.617,0.625,396823400,248339824.00
2022/01/07,0.636,0.644,0.632,0.644,347392700,221651536.00
2022/01/10,0.643,0.676,0.642,0.671,456057300,302770880.00
2022/01/11,0.669,0.687,0.667,0.675,373909300,253784976.00
2022/01/12,0.685,0.697,0.684,0.693,384418200,265359424.00
2022/01/13,0.698,0.700,0.676,0.677,236874400,163049200.00
2022/01/14,0.672,0.688,0.665,0.681,350713900,238613952.00
2022/01/17,0.685,0.693,0.677,0.681,248910300,169850592.00
2022/01/18,0.680,0.694,0.678,0.679,288485500,197698800.00
2022/01/19,0.678,0.682,0.663,0.668,400605600,269022784.00
2022/01/20,0.670,0.678,0.666,0.677,330379400,222801952.00
2022/01/21,0.679,0.687,0.669,0.674,385738600,261229040.00
2022/01/24,0.667,0.672,0.660,0.661,285241100,189851440.00
2022/01/25,0.656,0.656,0.634,0.635,335259200,215900176.00
2022/01/26,0.635,0.638,0.611,0.613,411434700,255222720.00
2022/01/27,0.604,0.606,0.582,0.587,602150400,357091232.00
2022/01/28,0.594,0.597,0.579,0.580,475682400,277692736.00
2022/02/07,0.597,0.611,0.596,0.603,428780700,259422768.00
2022/02/08,0.593,0.594,0.572,0.591,553158500,321221632.00
2022/02/09,0.597,0.599,0.585,0.594,517246900,305587232.00
2022/02/10,0.597,0.600,0.587,0.589,464657000,275614944.00
2022/02/11,0.584,0.591,0.569,0.570,555519803,320785600.00
2022/02/14,0.567,0.575,0.566,0.569,310650700,177418880.00
2022/02/15,0.568,0.590,0.567,0.588,731562900,426715936.00
2022/02/16,0.595,0.598,0.591,0.591,251761500,149472304.00
2022/02/17,0.594,0.603,0.591,0.599,528920100,316677856.00
2022/02/18,0.596,0.604,0.593,0.601,324385800,194601184.00
2022/02/21,0.597,0.604,0.590,0.594,461713400,274345408.00
2022/02/22,0.589,0.589,0.573,0.577,360409900,208458064.00
2022/02/23,0.581,0.594,0.580,0.593,387634400,227795792.00
2022/02/24,0.585,0.591,0.568,0.575,503390800,292023264.00
2022/02/25,0.581,0.593,0.581,0.588,484883300,285465152.00
2022/02/28,0.588,0.590,0.576,0.580,349153000,202868352.00
2022/03/01,0.587,0.594,0.585,0.592,397056900,234331984.00
2022/03/02,0.588,0.589,0.577,0.578,356524200,207248448.00
2022/03/03,0.579,0.581,0.567,0.569,397321900,227356368.00
2022/03/04,0.553,0.561,0.550,0.551,501230200,278582208.00
2022/03/07,0.544,0.544,0.522,0.528,569099212,301979296.00
2022/03/08,0.527,0.533,0.507,0.511,538551254,280247968.00
2022/03/09,0.516,0.517,0.482,0.495,892853538,443415520.00
2022/03/10,0.510,0.517,0.503,0.505,586530100,299059136.00
2022/03/11,0.490,0.495,0.476,0.494,867132488,421596480.00
2022/03/14,0.485,0.490,0.456,0.459,733444300,347084448.00
2022/03/15,0.442,0.462,0.413,0.414,1442405700,634280640.00
2022/03/16,0.432,0.455,0.422,0.455,1432298680,624922304.00
2022/03/17,0.498,0.501,0.488,0.501,814019300,404384128.00
2022/03/18,0.497,0.519,0.496,0.510,1007271800,510135040.00
2022/03/21,0.527,0.528,0.507,0.517,1015508600,524955008.00
2022/03/22,0.516,0.517,0.505,0.511,903034600,460616800.00
2022/03/23,0.524,0.548,0.519,0.543,1415184264,758137344.00
2022/03/24,0.539,0.571,0.534,0.563,1797085323,1004557056.00
2022/03/25,0.558,0.561,0.521,0.522,1189207146,641402112.00
2022/03/28,0.522,0.534,0.510,0.517,1374844900,719317312.00
2022/03/29,0.526,0.541,0.526,0.534,1322794681,707941632.00
2022/03/30,0.545,0.554,0.537,0.553,1200220100,654877184.00
2022/03/31,0.553,0.554,0.525,0.527,1185665500,636966784.00
2022/04/01,0.519,0.522,0.513,0.520,725577794,375780416.00
2022/04/06,0.541,0.550,0.533,0.546,1062215127,579215296.00
2022/04/07,0.541,0.551,0.526,0.526,894238298,481394144.00
2022/04/08,0.525,0.529,0.515,0.523,898528500,468865024.00
2022/04/11,0.523,0.525,0.498,0.499,778384700,395129120.00
2022/04/12,0.503,0.512,0.491,0.507,1316267800,661214656.00
2022/04/13,0.500,0.503,0.492,0.495,972489000,482921664.00
2022/04/14,0.502,0.513,0.500,0.508,1045050912,529728064.00
2022/04/15,0.505,0.512,0.499,0.508,538571300,273046272.00
2022/04/18,0.503,0.507,0.501,0.504,443194234,223350400.00
2022/04/19,0.502,0.506,0.490,0.493,832733500,412789440.00
2022/04/20,0.493,0.502,0.490,0.491,828808062,410616000.00
2022/04/21,0.487,0.489,0.473,0.475,1011543700,485869856.00
2022/04/22,0.470,0.486,0.467,0.479,1427863500,681761984.00
2022/04/25,0.473,0.481,0.459,0.461,1307481800,618199872.00
2022/04/26,0.472,0.484,0.470,0.473,1482315000,706788160.00
2022/04/27,0.469,0.478,0.462,0.473,1578866100,741862144.00
2022/04/28,0.479,0.483,0.471,0.483,1304445600,622918464.00
2022/04/29,0.486,0.531,0.481,0.500,2330339800,1160889216.00
2022/05/05,0.489,0.489,0.473,0.474,1421697400,681655104.00
2022/05/06,0.460,0.463,0.453,0.454,902946300,414245856.00
2022/05/09,0.448,0.452,0.446,0.448,284653400,127899576.00
2022/05/10,0.438,0.457,0.438,0.452,1167181100,524817440.00
2022/05/11,0.453,0.481,0.452,0.468,1725367400,813643776.00
2022/05/12,0.461,0.467,0.458,0.461,1082156000,500424000.00
2022/05/13,0.471,0.475,0.469,0.475,1024638800,483636672.00
2022/05/16,0.482,0.485,0.473,0.476,941114128,450644032.00
2022/05/17,0.482,0.485,0.476,0.484,900949200,433047072.00
2022/05/18,0.486,0.489,0.478,0.485,921693800,446356256.00
2022/05/19,0.476,0.485,0.474,0.482,920685000,440897824.00
2022/05/20,0.490,0.499,0.490,0.497,1078851900,533421856.00
2022/05/23,0.497,0.498,0.490,0.491,783260700,386479456.00
2022/05/24,0.491,0.492,0.470,0.471,833630800,400563232.00
2022/05/25,0.470,0.477,0.469,0.472,1048242800,495662848.00
2022/05/26,0.475,0.475,0.459,0.464,1039341900,483000544.00
2022/05/27,0.479,0.483,0.473,0.476,863017380,413044480.00
2022/05/30,0.482,0.490,0.480,0.488,792499916,385022624.00
2022/05/31,0.488,0.508,0.486,0.504,1338544348,668084224.00
2022/06/01,0.508,0.508,0.496,0.500,1283844000,643040576.00
2022/06/02,0.496,0.498,0.486,0.489,1288387500,630820736.00
2022/06/06,0.491,0.505,0.488,0.504,979893410,489162368.00
2022/06/07,0.504,0.516,0.502,0.510,1338417268,683533824.00
2022/06/08,0.520,0.545,0.518,0.539,2730963823,1461309184.00
2022/06/09,0.545,0.555,0.530,0.531,2765609000,1503742848.00
2022/06/10,0.525,0.539,0.524,0.534,1719706200,918199680.00
2022/06/13,0.526,0.529,0.510,0.513,2430943702,1256066944.00
2022/06/14,0.508,0.518,0.505,0.516,1525379800,780683072.00
2022/06/15,0.520,0.530,0.517,0.519,1851242400,968055616.00
2022/06/16,0.525,0.529,0.513,0.513,1769871182,922906048.00
2022/06/17,0.507,0.529,0.506,0.529,2493834696,1296833024.00
2022/06/20,0.533,0.543,0.527,0.531,2087455770,1112940032.00
2022/06/21,0.537,0.559,0.532,0.552,2690204252,1472585728.00
2022/06/22,0.555,0.569,0.541,0.542,3177251066,1768668416.00
2022/06/23,0.548,0.557,0.543,0.556,2159519315,1188294912.00
2022/06/24,0.562,0.592,0.561,0.588,3367750614,1958479104.00
2022/06/27,0.599,0.612,0.588,0.593,2765003000,1656490368.00
2022/06/28,0.596,0.599,0.587,0.596,2489101618,1476398080.00
2022/06/29,0.591,0.599,0.570,0.571,3165648300,1851970560.00
2022/06/30,0.579,0.591,0.575,0.580,3357767200,1959481600.00
2022/07/01,0.583,0.586,0.576,0.579,1086479227,630054272.00
2022/07/04,0.584,0.609,0.581,0.608,3497248327,2102416384.00
2022/07/05,0.615,0.628,0.603,0.615,4440329000,2729388288.00
2022/07/06,0.624,0.639,0.605,0.614,4168656915,2597802240.00
2022/07/07,0.619,0.622,0.602,0.609,2842376200,1730601216.00
2022/07/08,0.620,0.624,0.609,0.611,2532090800,1557145088.00
2022/07/11,0.608,0.612,0.592,0.594,2505116600,1507516288.00
2022/07/12,0.597,0.605,0.581,0.583,2773515160,1637713152.00
2022/07/13,0.587,0.596,0.581,0.587,2503355900,1472168192.00
2022/07/14,0.588,0.607,0.587,0.603,3015957651,1805384320.00
2022/07/15,0.600,0.603,0.580,0.581,2274061700,1344145536.00
2022/07/18,0.587,0.588,0.567,0.587,2574157800,1491816832.00
2022/07/19,0.586,0.592,0.574,0.578,2144546000,1245443072.00
2022/07/20,0.588,0.599,0.586,0.592,1988632313,1178236032.00
2022/07/21,0.590,0.597,0.588,0.592,1976609134,1172734208.00
2022/07/22,0.598,0.600,0.581,0.586,1707040700,1006100032.00
2022/07/25,0.583,0.585,0.568,0.572,2618461930,1496569984.00
2022/07/26,0.575,0.582,0.568,0.577,2041334500,1170225792.00
2022/07/27,0.573,0.577,0.568,0.569,1205199199,689478464.00
2022/07/28,0.573,0.575,0.569,0.574,1442850469,825820032.00
2022/07/29,0.575,0.576,0.547,0.549,1981485000,1104770944.00
2022/08/01,0.549,0.552,0.541,0.547,1336318300,730056704.00
2022/08/02,0.540,0.541,0.523,0.531,1803225400,955404416.00
2022/08/03,0.537,0.542,0.531,0.533,2023763700,1084528000.00
2022/08/04,0.540,0.551,0.540,0.549,1757553786,959442752.00
2022/08/05,0.558,0.566,0.558,0.563,1538635948,865876096.00
2022/08/08,0.561,0.568,0.555,0.562,1164261700,654750208.00
2022/08/09,0.562,0.563,0.555,0.559,1084479419,605515008.00
2022/08/10,0.557,0.558,0.535,0.536,1514642282,823141632.00
2022/08/11,0.545,0.556,0.543,0.554,1827070298,1006101760.00
2022/08/12,0.555,0.557,0.549,0.554,922706200,510549568.00
2022/08/15,0.551,0.561,0.550,0.558,995419002,554100416.00
2022/08/16,0.559,0.562,0.543,0.549,1130844927,626666496.00
2022/08/17,0.555,0.556,0.543,0.546,1078030900,590003648.00
2022/08/18,0.544,0.545,0.536,0.539,953269400,514478304.00
2022/08/19,0.537,0.541,0.533,0.534,823812589,442505920.00
2022/08/22,0.530,0.538,0.530,0.535,639423100,341629088.00
2022/08/23,0.535,0.539,0.527,0.529,751086936,399086912.00
2022/08/24,0.531,0.532,0.516,0.519,869192400,453871744.00
2022/08/25,0.524,0.533,0.518,0.532,1243098337,652642368.00
2022/08/26,0.538,0.550,0.537,0.547,1349156400,735671680.00
2022/08/29,0.539,0.546,0.538,0.540,772199100,417767296.00
2022/08/30,0.541,0.541,0.527,0.533,675323405,359359776.00
2022/08/31,0.526,0.546,0.526,0.540,1318706001,707342848.00
2022/09/01,0.536,0.546,0.534,0.535,1011617994,547147456.00
2022/09/02,0.538,0.543,0.525,0.529,1201669400,639776576.00
2022/09/05,0.528,0.529,0.512,0.517,899729872,466226368.00
2022/09/06,0.519,0.522,0.510,0.517,726779100,374007392.00
2022/09/07,0.512,0.518,0.510,0.517,684674800,352033216.00
2022/09/08,0.520,0.520,0.509,0.510,760821300,390528288.00
2022/09/09,0.515,0.525,0.511,0.524,1187004968,617747712.00
2022/09/13,0.525,0.526,0.511,0.511,989240400,508717792.00
2022/09/14,0.501,0.502,0.496,0.498,1003683600,501027744.00
2022/09/15,0.500,0.507,0.498,0.500,1006329322,505544320.00
2022/09/16,0.497,0.501,0.491,0.492,864591100,429190112.00
2022/09/19,0.490,0.492,0.474,0.476,765796600,367026848.00
2022/09/20,0.479,0.481,0.474,0.479,706468100,338024352.00
2022/09/21,0.476,0.477,0.468,0.471,784267593,370108544.00
2022/09/22,0.460,0.465,0.456,0.459,1046205151,482091744.00
2022/09/23,0.459,0.460,0.447,0.448,1364598900,616834944.00
2022/09/26,0.444,0.459,0.443,0.449,1175964800,533742528.00
2022/09/27,0.453,0.467,0.449,0.466,1722439400,788201280.00
2022/09/28,0.464,0.468,0.456,0.458,1343909900,620601024.00
2022/09/29,0.465,0.469,0.452,0.453,1892419686,875097664.00
2022/09/30,0.454,0.457,0.446,0.450,1646215478,743438336.00
2022/10/10,0.450,0.453,0.438,0.439,1258313300,559808064.00
2022/10/11,0.440,0.444,0.432,0.441,1181920801,518144800.00
2022/10/12,0.438,0.448,0.426,0.447,2029339199,882340288.00
2022/10/13,0.441,0.457,0.440,0.440,2330273980,1043120064.00
2022/10/14,0.448,0.484,0.447,0.471,4535434400,2128091392.00
2022/10/17,0.468,0.478,0.466,0.472,2421985500,1144181248.00
2022/10/18,0.484,0.495,0.474,0.492,2874338808,1396387968.00
2022/10/19,0.494,0.497,0.479,0.480,1825998032,892066816.00
2022/10/20,0.471,0.489,0.469,0.474,3539995100,1687998592.00
2022/10/21,0.477,0.490,0.476,0.487,2614668608,1269341312.00
2022/10/24,0.484,0.491,0.451,0.452,3769144000,1756967040.00
2022/10/25,0.460,0.469,0.446,0.461,4081165862,1870948480.00
2022/10/26,0.463,0.495,0.461,0.479,4351834100,2098283392.00
2022/10/27,0.490,0.493,0.479,0.479,2326302185,1126854400.00
2022/10/28,0.479,0.488,0.461,0.462,2476472057,1178032128.00
2022/10/31,0.461,0.478,0.458,0.463,2847152700,1335373184.00
2022/11/01,0.469,0.494,0.468,0.491,3662204912,1765969792.00
2022/11/02,0.486,0.530,0.486,0.516,4480092600,2303023872.00
2022/11/03,0.510,0.518,0.503,0.509,2738559600,1397468288.00
2022/11/04,0.516,0.545,0.515,0.526,3523299957,1870364672.00
2022/11/07,0.525,0.546,0.522,0.542,3301221204,1770149376.00
2022/11/08,0.546,0.549,0.532,0.534,2052803790,1102939520.00
2022/11/09,0.537,0.542,0.520,0.521,1942586202,1031764160.00
2022/11/10,0.518,0.530,0.514,0.516,2131379112,1109555072.00
2022/11/11,0.549,0.559,0.530,0.538,4606730500,2504661760.00
2022/11/14,0.548,0.576,0.547,0.565,4027451981,2267132672.00
2022/11/15,0.572,0.589,0.562,0.581,3701671663,2140866432.00
2022/11/16,0.584,0.606,0.580,0.584,4053137652,2398399488.00
2022/11/17,0.578,0.584,0.564,0.573,3550331339,2028957312.00
2022/11/18,0.582,0.595,0.575,0.578,3838278550,2245651968.00
2022/11/21,0.569,0.578,0.558,0.574,2363748900,1344405504.00
2022/11/22,0.575,0.579,0.543,0.546,3640476802,2040801920.00
2022/11/23,0.550,0.552,0.530,0.547,3257227744,1764729728.00
2022/11/24,0.550,0.556,0.547,0.549,1838650200,1013235968.00
2022/11/25,0.551,0.552,0.538,0.542,1641451104,889897792.00
2022/11/28,0.526,0.546,0.522,0.544,2228080769,1191269632.00
2022/11/29,0.553,0.569,0.551,0.568,2932503238,1644662656.00
2022/11/30,0.570,0.571,0.564,0.568,2133678151,1211199488.00
2022/12/01,0.590,0.595,0.565,0.576,3988925750,2297610496.00
2022/12/02,0.573,0.588,0.572,0.577,2290503100,1328580736.00
2022/12/05,0.589,0.602,0.583,0.601,2942859667,1744204160.00
2022/12/06,0.590,0.611,0.580,0.581,3660663536,2176671744.00
2022/12/07,0.585,0.611,0.584,0.589,3804312796,2280874752.00
2022/12/08,0.590,0.607,0.587,0.606,2936392117,1757979136.00
2022/12/09,0.612,0.619,0.602,0.613,3073651259,1878098176.00
2022/12/12,0.608,0.626,0.606,0.610,2401137681,1476684800.00
2022/12/13,0.616,0.619,0.599,0.605,2540704385,1542045952.00
2022/12/14,0.611,0.613,0.594,0.601,2488544292,1495557888.00
2022/12/15,0.599,0.601,0.586,0.588,1708703800,1007765632.00
2022/12/16,0.587,0.602,0.582,0.597,2372967099,1406895360.00
2022/12/19,0.599,0.601,0.568,0.569,2633495570,1520542464.00
2022/12/20,0.566,0.571,0.557,0.561,2273303900,1280695168.00
2022/12/21,0.565,0.573,0.564,0.569,1619219500,922905344.00
2022/12/22,0.578,0.587,0.573,0.582,1923077000,1117912320.00
2022/12/23,0.576,0.587,0.575,0.587,1461501324,850533504.00
2022/12/26,0.587,0.588,0.583,0.584,220440600,128928720.00
2022/12/27,0.585,0.591,0.579,0.591,767939650,448578880.00
2022/12/28,0.587,0.606,0.586,0.596,1828620600,1088942720.00
2022/12/29,0.590,0.606,0.590,0.603,1971427500,1181483776.00
2022/12/30,0.610,0.613,0.597,0.599,1241823300,750218944.00
2023/01/03,0.595,0.610,0.589,0.608,1771137114,1066032576.00
2023/01/04,0.611,0.627,0.610,0.626,2543471557,1577356928.00
2023/01/05,0.637,0.646,0.629,0.632,2414971929,1536678528.00
2023/01/06,0.639,0.641,0.621,0.623,1778827000,1122057216.00
2023/01/09,0.627,0.637,0.626,0.635,1570451600,993403456.00
2023/01/10,0.631,0.639,0.621,0.634,1418930500,895318656.00
2023/01/11,0.638,0.653,0.636,0.641,1642601008,1062636672.00
2023/01/12,0.644,0.653,0.628,0.628,1643859928,1053644736.00
2023/01/13,0.631,0.657,0.630,0.654,1741480751,1120077440.00
2023/01/16,0.661,0.679,0.655,0.656,2519842749,1678441856.00
2023/01/17,0.655,0.656,0.642,0.646,2038470388,1319382656.00
2023/01/18,0.643,0.649,0.635,0.645,1431960700,919931712.00
2023/01/19,0.640,0.655,0.637,0.646,1335636500,862387968.00
2023/01/20,0.650,0.655,0.645,0.651,1301808259,846229312.00
2023/01/30,0.666,0.669,0.645,0.646,1891461459,1242158976.00
2023/01/31,0.646,0.648,0.617,0.619,2229749873,1401060992.00
2023/02/01,0.625,0.646,0.623,0.641,2045495033,1296104064.00
2023/02/02,0.647,0.665,0.647,0.658,2578440480,1694567936.00
2023/02/03,0.652,0.663,0.645,0.653,1357274319,886291072.00
2023/02/06,0.639,0.641,0.615,0.623,1923697593,1202641024.00
2023/02/07,0.623,0.634,0.618,0.624,1569509345,984043072.00
2023/02/08,0.626,0.634,0.619,0.621,1512513600,946186624.00
2023/02/09,0.617,0.628,0.616,0.627,1475231286,919701376.00
2023/02/10,0.627,0.628,0.609,0.613,1585823580,976436992.00
2023/02/13,0.610,0.621,0.609,0.615,1286628300,791876032.00
2023/02/14,0.620,0.621,0.607,0.614,1277154272,781772160.00
2023/02/15,0.612,0.613,0.596,0.597,1641018300,986344640.00
2023/02/16,0.601,0.608,0.590,0.594,2381088480,1430549120.00
2023/02/17,0.592,0.601,0.591,0.596,1733006401,1033881664.00
2023/02/20,0.594,0.609,0.591,0.608,1725248968,1034771200.00
2023/02/21,0.607,0.608,0.594,0.598,1437877311,863712576.00
2023/02/22,0.592,0.600,0.588,0.591,1471027235,872426176.00
2023/02/23,0.591,0.601,0.591,0.594,1552713449,925508352.00
2023/02/24,0.593,0.597,0.586,0.590,1057986172,625044032.00
2023/02/27,0.585,0.588,0.578,0.581,1763336627,1025427328.00
2023/02/28,0.584,0.588,0.575,0.583,2063618090,1201407616.00
2023/03/01,0.584,0.603,0.581,0.602,2595384180,1541352960.00
2023/03/02,0.597,0.602,0.594,0.594,1855366300,1109006080.00
2023/03/03,0.602,0.610,0.598,0.602,1837308500,1108271616.00
2023/03/06,0.600,0.607,0.598,0.606,1446928339,872496896.00
2023/03/07,0.604,0.612,0.590,0.591,2271036022,1366393984.00
2023/03/08,0.586,0.591,0.573,0.577,1931131951,1122717440.00
2023/03/09,0.575,0.581,0.572,0.576,1355017900,781319872.00
2023/03/10,0.565,0.568,0.557,0.562,1946243600,1094400640.00
2023/03/13,0.561,0.566,0.549,0.554,3143979322,1747105536.00
2023/03/14,0.552,0.564,0.548,0.551,2391056562,1330552320.00
2023/03/15,0.558,0.570,0.557,0.565,2073963010,1171855488.00
2023/03/16,0.560,0.572,0.557,0.558,1795295002,1011583168.00
2023/03/17,0.569,0.571,0.556,0.557,1981141910,1113651712.00
2023/03/20,0.559,0.561,0.535,0.536,2771907894,1503618560.00
2023/03/21,0.542,0.557,0.541,0.556,2520538602,1387935232.00
2023/03/22,0.562,0.570,0.558,0.561,1737495003,980549056.00
2023/03/23,0.554,0.559,0.545,0.554,3131191081,1720152064.00
2023/03/24,0.555,0.564,0.550,0.551,2928957618,1632937472.00
2023/03/27,0.554,0.561,0.550,0.560,2491468716,1388492288.00
2023/03/28,0.561,0.563,0.550,0.551,1970061699,1090413568.00
2023/03/29,0.560,0.561,0.546,0.549,1661093615,916139520.00
2023/03/30,0.551,0.553,0.540,0.545,1928458994,1052825024.00
2023/03/31,0.549,0.550,0.540,0.541,2177823004,1184581504.00
2023/04/03,0.540,0.542,0.531,0.532,2344436550,1251744640.00
2023/04/04,0.532,0.539,0.522,0.538,3137839753,1660231040.00
2023/04/06,0.534,0.550,0.532,0.547,3432592317,1864421632.00
2023/04/07,0.552,0.573,0.551,0.571,4343494800,2455772928.00
2023/04/10,0.572,0.584,0.571,0.577,2551026378,1473073664.00
2023/04/11,0.575,0.581,0.566,0.571,3163175789,1808666240.00
2023/04/12,0.576,0.583,0.570,0.574,2819403800,1623432192.00
2023/04/13,0.569,0.590,0.563,0.588,4169717900,2425506304.00
2023/04/14,0.597,0.608,0.589,0.592,3716248750,2217782272.00
2023/04/17,0.591,0.599,0.586,0.590,2449188600,1447099392.00
2023/04/18,0.588,0.595,0.585,0.587,2068830610,1219676672.00
2023/04/19,0.589,0.590,0.579,0.580,1728132064,1008565632.00
2023/04/20,0.584,0.587,0.571,0.572,2299752120,1331280384.00
2023/04/21,0.572,0.577,0.561,0.562,2924357345,1664396288.00
2023/04/24,0.567,0.580,0.562,0.564,2990717028,1706434688.00
2023/04/25,0.569,0.571,0.543,0.545,3431990394,1884929792.00
2023/04/26,0.547,0.556,0.545,0.552,2500710090,1375502848.00
2023/04/27,0.552,0.562,0.548,0.557,2050720184,1138483072.00
2023/04/28,0.561,0.566,0.555,0.559,2205547261,1235257472.00
2023/05/04,0.553,0.563,0.549,0.556,1889230693,1050068224.00
2023/05/05,0.559,0.565,0.554,0.560,1806903407,1013218048.00
2023/05/08,0.562,0.568,0.554,0.559,2100867063,1174538240.00
2023/05/09,0.558,0.559,0.538,0.539,2008987800,1097768960.00
2023/05/10,0.540,0.544,0.537,0.542,1865497000,1008352448.00
2023/05/11,0.543,0.550,0.535,0.536,2425575635,1318450944.00
2023/05/12,0.542,0.544,0.534,0.535,1518150900,818924096.00
2023/05/15,0.535,0.542,0.531,0.540,1944337500,1043079232.00
2023/05/16,0.544,0.549,0.542,0.544,1692501493,922131904.00
2023/05/17,0.546,0.546,0.531,0.532,1914123800,1028491776.00
2023/05/18,0.533,0.534,0.523,0.524,1795532841,949113472.00
2023/05/19,0.521,0.526,0.518,0.521,1874877739,977975040.00
2023/05/22,0.522,0.533,0.522,0.530,2225822340,1175783680.00
2023/05/23,0.531,0.540,0.530,0.531,2278944775,1222125568.00
2023/05/24,0.530,0.533,0.524,0.524,1478623100,778865600.00
2023/05/25,0.520,0.523,0.511,0.515,1890571700,974275328.00
2023/05/26,0.512,0.516,0.508,0.511,1018281446,520325408.00
2023/05/29,0.516,0.519,0.500,0.503,2224524300,1130061056.00
2023/05/30,0.502,0.507,0.496,0.506,2175499700,1092559744.00
2023/05/31,0.501,0.503,0.490,0.493,2189977560,1085020928.00
2023/06/01,0.495,0.505,0.493,0.499,2380380100,1189942400.00
2023/06/02,0.505,0.513,0.504,0.512,1935402510,984759040.00
2023/06/05,0.512,0.514,0.504,0.509,1539306600,783863616.00
2023/06/06,0.510,0.512,0.502,0.503,1486279070,754881152.00
2023/06/07,0.510,0.514,0.506,0.510,1648060300,839410432.00
2023/06/08,0.510,0.511,0.502,0.505,1498896400,758344320.00
2023/06/09,0.506,0.515,0.505,0.514,1828326604,931271232.00
2023/06/12,0.512,0.513,0.502,0.507,1957692108,989988096.00
2023/06/13,0.504,0.508,0.503,0.508,1643091900,830776832.00
2023/06/14,0.509,0.514,0.503,0.504,2020691893,1026511168.00
2023/06/15,0.507,0.513,0.505,0.512,2825073385,1435266176.00
2023/06/16,0.518,0.531,0.516,0.529,3261596567,1714190464.00
2023/06/19,0.528,0.531,0.517,0.519,1770614485,923107904.00
2023/06/20,0.523,0.523,0.502,0.504,2699927200,1380519040.00
2023/06/21,0.499,0.501,0.488,0.489,2074046862,1022497280.00
2023/06/26,0.480,0.489,0.478,0.487,2357082400,1142840064.00
2023/06/27,0.488,0.492,0.485,0.490,2070778700,1010750144.00
2023/06/28,0.488,0.489,0.480,0.484,1811638600,875386560.00
2023/06/29,0.486,0.487,0.478,0.481,1622636000,781277312.00
2023/06/30,0.480,0.492,0.480,0.490,2836571042,1382946048.00
2023/07/03,0.490,0.493,0.485,0.491,1959287075,959040192.00
2023/07/04,0.490,0.510,0.487,0.509,4131198444,2072508672.00
2023/07/05,0.506,0.508,0.498,0.500,1729157087,866533824.00
2023/07/06,0.497,0.498,0.486,0.490,2129007400,1048721408.00
2023/07/07,0.486,0.491,0.483,0.486,2061056300,1003148864.00
2023/07/10,0.492,0.496,0.486,0.488,2114003521,1035602496.00
2023/07/11,0.492,0.492,0.488,0.491,2070585352,1015247936.00
2023/07/12,0.491,0.491,0.481,0.482,2172880476,1056901888.00
2023/07/13,0.488,0.504,0.487,0.501,4603175400,2286677760.00
2023/07/14,0.503,0.504,0.497,0.498,2046435305,1023496448.00
2023/07/17,0.495,0.496,0.490,0.491,962104800,473281600.00
2023/07/18,0.494,0.495,0.490,0.495,1847746200,911371840.00
2023/07/19,0.491,0.494,0.487,0.490,1810469737,886669888.00
2023/07/20,0.492,0.497,0.488,0.489,2176940500,1071250816.00
2023/07/21,0.490,0.501,0.489,0.495,2770346915,1373704448.00
2023/07/24,0.493,0.504,0.492,0.496,2206138339,1100902016.00
2023/07/25,0.506,0.508,0.499,0.506,3015969817,1518904192.00
2023/07/26,0.505,0.511,0.503,0.509,2353198225,1196141312.00
2023/07/27,0.512,0.514,0.509,0.513,1881675169,962876480.00
2023/07/28,0.510,0.531,0.510,0.527,3244337372,1688672768.00
2023/07/31,0.535,0.541,0.523,0.525,4060383177,2161358592.00
2023/08/01,0.524,0.538,0.522,0.524,3785570172,2004213120.00
2023/08/02,0.523,0.524,0.507,0.507,2955601500,1520272640.00
2023/08/03,0.504,0.514,0.500,0.512,3695290979,1877274112.00
2023/08/04,0.517,0.518,0.508,0.509,2824107200,1448159360.00
2023/08/07,0.508,0.508,0.486,0.487,4428326700,2184138752.00
2023/08/08,0.483,0.492,0.480,0.485,3889929464,1889740416.00
2023/08/09,0.485,0.499,0.484,0.493,4556677700,2245820416.00
2023/08/10,0.492,0.495,0.489,0.494,2407044344,1184502400.00
2023/08/11,0.495,0.496,0.486,0.487,2098330200,1027707328.00
2023/08/14,0.482,0.484,0.479,0.484,2763972800,1330917888.00
2023/08/15,0.484,0.486,0.478,0.485,3060459800,1474685568.00
2023/08/16,0.482,0.488,0.480,0.481,2279085168,1102836864.00
2023/08/17,0.478,0.481,0.473,0.480,2850722500,1361973376.00
2023/08/18,0.478,0.479,0.464,0.465,3081850000,1448464768.00
2023/08/21,0.462,0.465,0.456,0.460,3058903801,1411590144.00
2023/08/22,0.463,0.466,0.454,0.464,3342411406,1536405632.00
2023/08/23,0.462,0.464,0.458,0.459,1851528136,852284416.00
2023/08/24,0.463,0.475,0.463,0.473,3456794639,1623256576.00
2023/08/25,0.473,0.479,0.466,0.469,3170872788,1498761216.00
2023/08/28,0.490,0.492,0.477,0.478,3459831987,1670851200.00
2023/08/29,0.480,0.490,0.478,0.490,2852389909,1382006400.00
2023/08/30,0.492,0.494,0.486,0.487,1933025695,944084864.00
2023/08/31,0.487,0.488,0.474,0.475,2394383800,1149586048.00
2023/09/01,0.476,0.478,0.473,0.475,793184000,376863104.00
2023/09/04,0.478,0.481,0.475,0.480,2056710950,984518272.00
2023/09/05,0.478,0.480,0.475,0.476,1373959010,656873216.00
2023/09/06,0.475,0.475,0.467,0.468,1891914072,888399360.00
2023/09/07,0.468,0.469,0.463,0.464,1342634004,625295808.00
2023/09/08,0.460,0.465,0.460,0.465,590198500,273569920.00
2023/09/11,0.464,0.479,0.463,0.475,4396860900,2085156864.00
2023/09/12,0.474,0.478,0.471,0.476,1851127654,879864832.00
2023/09/13,0.476,0.478,0.467,0.469,1528043438,720221696.00
2023/09/14,0.468,0.471,0.464,0.469,1892161446,883484928.00
2023/09/15,0.470,0.480,0.465,0.477,2691781289,1276557184.00
2023/09/18,0.475,0.485,0.473,0.481,2323987987,1116911616.00
2023/09/19,0.480,0.482,0.477,0.481,1456459670,698905728.00
2023/09/20,0.479,0.481,0.471,0.473,1745560638,829817792.00
2023/09/21,0.471,0.472,0.462,0.462,1668971963,775905856.00
2023/09/22,0.460,0.469,0.457,0.468,3125875300,1448665856.00
2023/09/25,0.468,0.474,0.467,0.470,1695586404,798942592.00
2023/09/26,0.470,0.472,0.467,0.468,863743800,405605280.00
2023/09/27,0.467,0.480,0.467,0.478,2700509044,1285919872.00
2023/09/28,0.477,0.482,0.471,0.474,1675449000,797205504.00
2023/10/09,0.469,0.472,0.465,0.471,1750924394,820477376.00
2023/10/10,0.473,0.475,0.466,0.467,1918274217,902304384.00
2023/10/11,0.471,0.485,0.471,0.480,3572349584,1714546944.00
2023/10/12,0.485,0.490,0.484,0.489,2346972893,1144072960.00
2023/10/13,0.482,0.487,0.481,0.483,2091752740,1011844160.00
2023/10/16,0.484,0.491,0.473,0.476,2413520967,1161916160.00
2023/10/17,0.480,0.484,0.476,0.478,1909798700,914671424.00
2023/10/18,0.476,0.477,0.465,0.466,2498285300,1169969920.00
2023/10/19,0.461,0.465,0.457,0.459,2383591706,1098238976.00
2023/10/20,0.456,0.459,0.453,0.456,2103896800,958360960.00
2023/10/23,0.454,0.457,0.450,0.452,1092281945,495217216.00
2023/10/24,0.454,0.463,0.450,0.462,2637021200,1206948224.00
2023/10/25,0.470,0.474,0.463,0.464,3120668400,1465479424.00
2023/10/26,0.462,0.463,0.452,0.458,2831796250,1294882688.00
2023/10/27,0.457,0.487,0.456,0.482,5245702000,2484408320.00
2023/10/30,0.480,0.502,0.480,0.497,5096864000,2532789760.00
2023/10/31,0.495,0.501,0.488,0.492,3145783000,1558311552.00
2023/11/01,0.493,0.497,0.481,0.494,3633939900,1777510144.00
2023/11/02,0.497,0.500,0.490,0.492,2700730600,1337471488.00
2023/11/03,0.496,0.501,0.493,0.500,2414865389,1202681472.00
2023/11/06,0.509,0.524,0.509,0.520,5072334700,2637177344.00
2023/11/07,0.517,0.525,0.514,0.515,3358433200,1738956416.00
2023/11/08,0.517,0.529,0.516,0.518,4145711797,2165572864.00
2023/11/09,0.518,0.524,0.513,0.514,2776934700,1435895936.00
2023/11/10,0.509,0.509,0.502,0.507,2327489500,1177543296.00
2023/11/13,0.510,0.517,0.500,0.503,2721037500,1376052608.00
2023/11/14,0.509,0.511,0.502,0.507,2501296706,1266005632.00
2023/11/15,0.520,0.521,0.512,0.515,2777021424,1432776320.00
2023/11/16,0.515,0.516,0.500,0.505,2762526391,1396349952.00
2023/11/17,0.500,0.507,0.498,0.506,2327536865,1168731136.00
2023/11/20,0.508,0.511,0.501,0.508,2598335500,1317508096.00
2023/11/21,0.511,0.513,0.505,0.507,3306919021,1680616576.00
2023/11/22,0.504,0.505,0.498,0.499,2274890700,1139090560.00
2023/11/23,0.499,0.505,0.499,0.505,2101552400,1054933440.00
2023/11/24,0.505,0.507,0.500,0.501,1528056829,768716864.00
2023/11/27,0.502,0.505,0.498,0.501,1651945501,827272704.00
2023/11/28,0.500,0.509,0.498,0.507,2868365526,1446601984.00
2023/11/29,0.506,0.507,0.492,0.493,2988498587,1490749568.00
2023/11/30,0.493,0.498,0.488,0.495,2715513484,1337150208.00
2023/12/01,0.494,0.498,0.491,0.494,2553299784,1262255616.00
2023/12/04,0.492,0.492,0.466,0.466,4577594400,2174120448.00
2023/12/05,0.467,0.471,0.458,0.459,2831090235,1310963840.00
2023/12/06,0.461,0.466,0.458,0.461,2857403700,1319654016.00
2023/12/07,0.459,0.460,0.451,0.455,2008450600,912645440.00
2023/12/08,0.455,0.459,0.448,0.452,2650606400,1198662400.00
2023/12/11,0.448,0.452,0.441,0.451,3351826300,1495544448.00
2023/12/12,0.451,0.452,0.446,0.451,2562245435,1152114304.00
2023/12/13,0.451,0.456,0.448,0.448,2195172902,992237760.00
2023/12/14,0.455,0.463,0.454,0.457,2880139571,1318953088.00
2023/12/15,0.460,0.464,0.456,0.458,2615357818,1203289984.00
2023/12/18,0.455,0.457,0.448,0.450,1792107000,812246272.00
2023/12/19,0.448,0.452,0.444,0.446,1974493777,882426176.00
2023/12/20,0.450,0.451,0.445,0.446,1617709499,724289472.00
2023/12/21,0.441,0.443,0.434,0.441,3139018450,1378660352.00
2023/12/22,0.442,0.443,0.432,0.432,2841617310,1241058176.00
2023/12/25,0.433,0.435,0.432,0.434,536799500,232696768.00
2023/12/26,0.433,0.434,0.428,0.429,814999400,350497792.00
2023/12/27,0.432,0.440,0.431,0.438,2249435876,979516416.00
2023/12/28,0.440,0.455,0.438,0.453,2780871309,1245400320.00
2023/12/29,0.452,0.458,0.451,0.456,1817287464,827600512.00
2024/01/02,0.457,0.459,0.448,0.450,1751206851,790643392.00
2024/01/03,0.447,0.453,0.443,0.446,1503823500,673028224.00
2024/01/04,0.446,0.447,0.442,0.445,1366379143,607398208.00
2024/01/05,0.443,0.444,0.431,0.433,2529948100,1106609280.00
2024/01/08,0.432,0.434,0.419,0.420,2331219686,990523584.00
2024/01/09,0.423,0.434,0.422,0.427,3012895191,1292030208.00
2024/01/10,0.427,0.436,0.426,0.432,2464573982,1063786112.00
2024/01/11,0.436,0.441,0.433,0.436,2808860045,1227320320.00
2024/01/12,0.433,0.435,0.428,0.429,1522617900,657592128.00
2024/01/15,0.427,0.435,0.427,0.428,1793020753,772800512.00
2024/01/16,0.426,0.431,0.420,0.423,1923800986,818229888.00
2024/01/17,0.421,0.421,0.401,0.402,2643954767,1080603520.00
2024/01/18,0.403,0.408,0.400,0.408,3511055455,1417997696.00
2024/01/19,0.405,0.409,0.390,0.390,3127201700,1247443456.00
2024/01/22,0.392,0.393,0.370,0.373,3314240606,1257466880.00
2024/01/23,0.375,0.389,0.374,0.383,4651451500,1779837184.00
2024/01/24,0.389,0.392,0.377,0.386,4247443800,1631124352.00
2024/01/25,0.389,0.397,0.385,0.395,4077983300,1594685184.00
2024/01/26,0.396,0.402,0.364,0.372,7242721700,2782545408.00
2024/01/29,0.377,0.383,0.371,0.372,3521177773,1327467008.00
2024/01/30,0.368,0.370,0.363,0.365,2350205500,861155520.00
2024/01/31,0.361,0.363,0.349,0.351,3378137100,1199124480.00
2024/02/01,0.351,0.362,0.349,0.356,4218775960,1506153728.00
2024/02/02,0.360,0.364,0.336,0.341,5125665100,1788893568.00
2024/02/05,0.339,0.345,0.333,0.338,4609514500,1563618432.00
2024/02/06,0.338,0.363,0.334,0.361,6813423700,2384012800.00
2024/02/07,0.366,0.373,0.358,0.361,4543871000,1664389376.00
2024/02/08,0.360,0.366,0.357,0.360,2897859043,1046765056.00
2024/02/19,0.369,0.370,0.362,0.367,1995612100,730558336.00
2024/02/20,0.367,0.376,0.365,0.373,2489624500,924437760.00
2024/02/21,0.371,0.389,0.369,0.383,4389535700,1677483648.00
2024/02/22,0.381,0.388,0.380,0.385,1913522000,734034880.00
2024/02/23,0.385,0.389,0.384,0.387,1975669469,763202304.00
2024/02/26,0.387,0.393,0.386,0.389,2303370472,897748416.00
2024/02/27,0.389,0.394,0.386,0.394,2429134193,947998848.00
2024/02/28,0.400,0.407,0.390,0.390,3474187711,1388771584.00
2024/02/29,0.389,0.399,0.388,0.397,2449176626,966944192.00
2024/03/01,0.392,0.393,0.386,0.389,3169310815,1233974784.00
2024/03/04,0.391,0.399,0.390,0.396,3040407300,1200405504.00
2024/03/05,0.393,0.393,0.381,0.381,2305552400,889207104.00
2024/03/06,0.379,0.387,0.378,0.384,2315871300,886348672.00
2024/03/07,0.378,0.378,0.368,0.369,3251514369,1215227776.00
2024/03/08,0.372,0.375,0.371,0.374,2203695296,823144832.00
2024/03/11,0.374,0.380,0.373,0.379,2489403545,937790976.00
2024/03/12,0.383,0.392,0.382,0.392,3321851000,1290106496.00
2024/03/13,0.392,0.394,0.388,0.389,1730031958,676160576.00
2024/03/14,0.405,0.413,0.390,0.393,4605098900,1842311424.00
2024/03/15,0.389,0.396,0.386,0.389,2499134458,976390848.00
2024/03/18,0.389,0.393,0.383,0.393,2427063358,942055552.00
2024/03/19,0.390,0.391,0.383,0.383,2245181000,866172736.00
2024/03/20,0.384,0.385,0.381,0.384,1480255200,567331968.00
2024/03/21,0.387,0.388,0.383,0.384,1982965398,764230912.00
2024/03/22,0.381,0.382,0.369,0.371,2365351499,883043200.00
2024/03/25,0.372,0.375,0.370,0.371,1705886300,635907392.00
2024/03/26,0.373,0.374,0.368,0.371,1382895818,512516448.00
2024/03/27,0.369,0.374,0.366,0.369,1863470899,689797248.00
2024/03/28,0.368,0.373,0.366,0.369,1819539950,671219200.00
2024/03/29,0.368,0.369,0.365,0.366,707245900,259260416.00
2024/04/01,0.367,0.372,0.366,0.372,988566400,365299808.00
2024/04/02,0.372,0.376,0.367,0.368,1983805892,733571904.00
2024/04/03,0.367,0.368,0.362,0.363,1492730500,544272640.00
2024/04/08,0.355,0.361,0.354,0.360,2179946700,781243776.00
2024/04/09,0.359,0.366,0.358,0.366,1741674216,630813056.00
2024/04/10,0.368,0.369,0.364,0.365,1901943302,696700608.00
2024/04/11,0.359,0.362,0.358,0.361,1545881200,556624256.00
2024/04/12,0.360,0.363,0.356,0.357,1489121340,533428032.00
2024/04/15,0.354,0.356,0.348,0.349,1888558800,662730048.00
2024/04/16,0.346,0.348,0.339,0.340,1724410026,591128192.00
2024/04/17,0.340,0.343,0.339,0.342,2086112400,712160128.00
2024/04/18,0.341,0.344,0.338,0.341,1904615400,650869440.00
2024/04/19,0.339,0.339,0.331,0.332,2174078546,725686080.00
2024/04/22,0.335,0.342,0.333,0.341,2139979000,724592960.00
2024/04/23,0.343,0.350,0.341,0.349,2788358400,964449280.00
2024/04/24,0.351,0.356,0.347,0.354,2201959100,774824896.00
2024/04/25,0.352,0.362,0.352,0.357,2194537741,784979008.00
2024/04/26,0.358,0.365,0.357,0.364,2230153837,807789632.00
2024/04/29,0.367,0.377,0.365,0.372,2265333900,842435136.00
2024/04/30,0.372,0.373,0.366,0.367,1668025199,615038464.00
2024/05/06,0.377,0.384,0.377,0.383,2847261500,1084968064.00
2024/05/07,0.383,0.384,0.378,0.378,1706454500,650022784.00
2024/05/08,0.378,0.383,0.374,0.375,1970989300,746731264.00
2024/05/09,0.378,0.387,0.378,0.387,2289655787,879831616.00
2024/05/10,0.389,0.392,0.385,0.390,2451522500,954040960.00
2024/05/13,0.395,0.399,0.383,0.390,3685172873,1437715968.00
2024/05/14,0.392,0.397,0.392,0.393,2388273900,942444224.00
2024/05/15,0.391,0.392,0.385,0.386,905920800,351464864.00
2024/05/16,0.390,0.394,0.386,0.390,2469230600,964178560.00
2024/05/17,0.393,0.398,0.389,0.390,2416382200,948763840.00
2024/05/20,0.390,0.397,0.389,0.393,1725855800,678751232.00
2024/05/21,0.392,0.393,0.378,0.380,1806460400,692740800.00
2024/05/22,0.380,0.383,0.378,0.379,1249556212,475396608.00
2024/05/23,0.377,0.377,0.370,0.372,1869265800,697938112.00
2024/05/24,0.369,0.370,0.357,0.360,3930334549,1421657856.00
2024/05/27,0.361,0.364,0.352,0.364,2822325159,1010818304.00
2024/05/28,0.364,0.371,0.361,0.363,2617241000,959714752.00
2024/05/29,0.361,0.362,0.356,0.357,1847740500,662421824.00
2024/05/30,0.356,0.362,0.355,0.357,2135400100,764113728.00
2024/05/31,0.365,0.369,0.359,0.359,2568155200,932737344.00
2024/06/03,0.359,0.360,0.355,0.358,1650584300,590807872.00
2024/06/04,0.356,0.366,0.356,0.365,2169857085,786075520.00
2024/06/05,0.367,0.371,0.365,0.366,1641013400,603792896.00
2024/06/06,0.370,0.372,0.364,0.365,1867159800,686650368.00
2024/06/07,0.367,0.369,0.364,0.365,1394915584,510666880.00
2024/06/11,0.362,0.363,0.358,0.360,1677777400,603648448.00
2024/06/12,0.360,0.367,0.356,0.362,2775529600,1004302976.00
2024/06/13,0.365,0.368,0.363,0.364,2371303100,867489536.00
2024/06/14,0.364,0.366,0.362,0.364,1681978240,612166272.00
2024/06/17,0.362,0.365,0.361,0.363,1546226200,561489024.00
2024/06/18,0.363,0.364,0.358,0.360,1567345600,565539392.00
2024/06/19,0.361,0.364,0.359,0.362,1749774159,632803200.00
2024/06/20,0.362,0.366,0.355,0.356,1861366300,670720832.00
2024/06/21,0.354,0.356,0.350,0.352,1835488384,647348992.00
2024/06/24,0.352,0.352,0.346,0.347,1639286300,573011584.00
2024/06/25,0.350,0.354,0.347,0.349,2004217200,703320832.00
2024/06/26,0.348,0.354,0.347,0.354,1861039600,653681920.00
2024/06/27,0.353,0.353,0.343,0.344,1553440000,538804096.00
2024/06/28,0.343,0.348,0.340,0.342,1644720768,567046784.00
数据来源:通达信
